1000 vertices, 10000 edges 
0: 518 12 22 437 882 33 340 779 419 900 602 174 569 229 161 107 612 207 258 67 454 398 485 377 
1: 191 541 565 953 130 677 955 91 860 780 547 450 518 501 729 592 597 992 602 465 935 739 651 396 959 504 205 
2: 719 194 90 625 621 584 861 169 983 109 192 992 525 220 575 871 55 860 368 451 
3: 788 486 571 756 321 548 28 988 67 642 605 195 823 504 168 220 985 246 356 745 93 749 
4: 667 82 931 609 798 473 297 580 847 829 383 621 172 582 355 494 782 69 153 427 378 43 428 518 610 85 130 
5: 493 392 193 517 756 874 61 164 315 574 412 755 635 278 963 336 449 23 960 
6: 932 264 67 306 457 114 736 516 421 435 233 926 242 69 723 33 578 479 
7: 704 321 74 105 484 852 767 839 145 911 702 618 315 271 785 843 173 108 721 149 834 397 254 748 10 539 
8: 110 610 531 401 588 897 855 972 653 829 886 153 332 863 232 204 750 240 
9: 401 471 602 673 85 799 702 886 860 946 467 745 479 304 979 235 548 
10: 830 623 110 917 644 426 984 585 834 488 563 813 280 541 599 386 250 7 131 
11: 416 428 919 400 124 674 736 724 566 219 182 442 765 216 660 463 697 793 676 48 320 
12: 0 393 23 536 437 518 223 569 723 265 170 27 141 715 853 894 952 294 705 114 884 
13: 40 908 159 184 117 378 230 386 551 166 775 373 248 716 29 527 842 590 916 426 
14: 119 846 482 278 446 630 931 913 87 590 898 291 105 601 487 491 786 285 
15: 364 528 907 594 305 500 570 658 525 448 595 625 199 970 215 
16: 634 180 54 101 95 436 741 899 600 955 418 583 354 36 597 193 912 434 872 399 671 
17: 228 603 145 853 18 55 351 96 620 924 472 146 679 647 46 59 822 285 
18: 708 273 528 56 761 303 17 878 938 315 308 594 290 541 753 382 19 941 158 388 514 883 652 129 785 956 996 774 722 
19: 101 367 121 178 107 309 197 89 422 756 247 498 885 18 523 36 677 113 316 255 459 332 730 55 
20: 778 292 691 935 496 869 136 373 470 463 407 87 644 337 285 100 192 
21: 550 150 877 96 843 406 391 438 225 694 700 683 968 489 298 
22: 588 225 298 0 504 909 100 287 301 704 351 634 491 183 162 969 512 
23: 102 296 289 729 12 55 713 307 918 433 255 804 620 670 733 932 574 764 558 956 5 140 815 319 708 
24: 326 346 998 929 869 464 40 840 87 904 156 912 519 199 645 743 406 
25: 534 978 509 322 842 658 359 871 650 375 133 506 621 893 
26: 151 613 727 314 154 352 358 413 969 186 667 799 622 759 846 623 463 781 266 768 879 743 32 321 
27: 154 229 63 141 91 719 723 253 555 413 211 466 937 12 61 772 411 855 196 71 805 868 368 316 
28: 65 625 213 166 120 739 958 3 480 630 620 627 803 502 489 746 372 292 492 709 923 488 361 409 32 561 319 449 
29: 503 722 302 746 138 846 565 406 655 507 47 608 346 707 231 197 13 393 64 833 348 989 166 592 
30: 178 246 448 377 271 92 349 284 65 253 209 713 98 
31: 226 410 167 445 498 439 681 951 525 963 503 844 706 529 732 672 707 750 260 33 653 851 862 
32: 873 696 713 819 575 330 525 786 65 92 473 28 949 511 47 211 26 648 
33: 927 937 298 729 0 776 152 230 612 620 440 6 31 85 90 974 
34: 733 384 754 584 196 546 625 188 699 597 604 895 428 145 
35: 750 471 144 351 981 728 672 420 810 353 783 64 819 215 212 716 989 111 652 127 788 962 765 863 635 
36: 197 654 905 818 440 605 57 140 413 655 19 513 212 609 178 16 106 298 897 143 920 653 
37: 246 805 882 611 608 43 802 77 918 95 947 131 471 498 495 207 
38: 249 602 373 306 487 564 579 250 122 506 492 631 411 693 391 372 206 950 387 815 460 438 
39: 349 800 440 289 517 527 635 923 721 546 333 839 830 184 495 482 877 863 988 862 835 144 860 787 982 831 304 223 320 417 
40: 484 391 13 363 24 646 904 426 697 61 591 195 388 448 621 756 105 473 249 536 111 498 898 623 603 
41: 498 390 921 843 179 190 247 341 575 103 429 51 455 433 578 600 989 881 386 71 880 
42: 847 756 759 675 592 84 956 716 815 916 333 622 53 960 532 293 111 61 
43: 874 786 350 741 344 37 564 123 711 189 802 307 654 4 504 61 805 137 848 
44: 364 157 755 106 307 291 935 207 827 443 863 510 522 97 583 428 843 603 314 652 289 796 
45: 446 129 951 153 740 349 152 894 857 191 685 291 131 492 744 72 260 479 677 143 601 855 956 
46: 838 736 664 432 268 722 147 358 80 237 566 437 954 590 871 117 916 17 459 140 641 122 903 
47: 555 723 977 390 170 563 85 804 189 29 705 81 790 82 351 765 844 187 32 
48: 812 509 578 493 424 844 540 487 326 888 302 801 142 446 484 413 212 137 632 786 903 214 11 
49: 195 985 887 982 378 967 549 93 718 853 290 506 532 764 257 742 761 
50: 587 283 313 407 693 293 478 687 438 232 528 498 801 54 464 209 502 849 
51: 128 576 880 577 114 583 736 498 354 41 854 672 72 808 187 355 337 796 750 483 992 
52: 176 532 969 179 843 964 206 658 61 841 549 473 714 97 368 646 194 471 402 539 490 455 266 222 175 
53: 302 488 343 73 210 110 418 195 508 559 685 612 416 42 464 130 471 859 
54: 618 16 661 971 215 219 136 746 256 285 50 949 843 833 485 602 999 440 
55: 925 172 23 17 667 982 919 729 328 609 194 235 702 486 2 112 731 961 498 344 19 
56: 414 573 865 157 18 174 338 798 357 850 712 395 754 715 192 297 379 652 181 425 410 447 228 201 152 
57: 763 379 216 304 261 291 823 36 462 719 511 217 912 654 122 238 182 
58: 518 386 968 316 665 377 249 543 861 750 508 807 321 611 847 167 815 553 521 234 403 612 781 217 317 
59: 571 445 517 723 182 90 768 567 727 17 442 345 948 430 
60: 82 480 669 382 292 626 487 330 911 293 892 663 793 667 905 408 629 
61: 528 752 69 947 916 698 325 756 52 196 543 202 5 443 40 501 27 276 179 260 872 43 42 
62: 942 685 948 370 227 891 283 728 307 846 339 377 379 431 575 125 525 
63: 276 315 796 823 27 793 533 208 261 84 659 925 616 551 98 
64: 35 152 488 29 840 500 98 676 157 431 770 
65: 28 966 972 564 248 805 384 257 32 415 122 30 181 402 560 
66: 83 385 68 196 679 379 96 867 603 485 317 994 119 873 809 714 600 125 885 718 295 
67: 178 897 220 6 719 84 297 559 3 876 780 535 310 347 0 204 
68: 127 66 233 919 223 598 119 532 407 508 253 780 334 879 476 448 526 619 535 
69: 653 61 667 402 576 159 716 568 899 980 434 6 724 4 335 714 652 282 719 872 768 387 
70: 152 266 637 103 901 516 711 399 390 602 716 134 355 434 135 818 300 859 547 845 535 
71: 833 398 597 631 205 451 819 950 324 306 884 554 630 162 891 357 669 649 74 963 161 956 530 27 618 918 41 572 
72: 546 838 238 174 576 509 451 542 707 753 676 45 683 51 414 274 742 319 883 119 
73: 154 53 929 530 731 643 398 974 623 392 552 380 436 557 772 880 251 349 420 886 636 
74: 7 643 206 902 99 71 749 428 157 286 634 459 127 483 611 330 224 273 673 759 384 876 
75: 731 614 930 128 475 858 325 330 142 816 908 592 538 599 
76: 889 812 783 442 221 699 844 891 977 904 138 910 719 700 292 605 276 160 501 
77: 365 566 207 718 219 559 37 824 95 573 671 174 121 751 393 
78: 445 384 612 809 636 687 872 275 84 685 576 403 177 590 395 465 970 
79: 948 858 629 526 685 556 542 96 378 425 281 771 161 381 448 449 861 551 543 177 460 152 
80: 934 86 566 46 463 216 963 375 213 244 172 
81: 523 396 847 804 174 47 992 486 482 115 414 717 812 230 800 493 131 
82: 571 60 4 128 849 302 608 479 600 542 859 410 47 208 500 459 340 706 123 506 702 471 867 943 
83: 219 479 66 853 542 760 304 256 857 278 312 148 980 126 846 356 225 
84: 267 186 67 425 641 98 866 42 505 492 713 560 129 123 78 63 978 541 145 553 482 949 
85: 900 508 722 170 320 142 618 47 975 9 961 217 580 239 200 279 612 626 271 121 876 464 843 533 266 4 33 445 
86: 192 80 360 574 419 301 197 748 365 929 438 378 517 421 308 977 262 932 684 538 606 
87: 389 320 332 903 381 24 457 971 603 195 14 20 913 564 919 942 944 96 
88: 498 271 766 828 536 452 252 525 448 912 128 964 198 595 389 598 483 513 550 
89: 206 397 815 950 465 19 668 528 379 902 355 115 314 634 253 458 
90: 936 984 312 2 714 169 825 149 422 477 59 636 461 424 976 782 233 958 373 766 750 677 33 381 
91: 294 731 717 27 331 405 228 771 653 1 864 710 308 819 203 584 190 781 
92: 653 178 924 999 379 906 123 810 495 30 742 32 578 662 276 836 747 760 576 177 832 
93: 237 519 531 424 177 989 253 967 49 701 134 992 830 589 3 564 
94: 245 95 408 991 796 856 884 457 179 947 973 274 97 189 
95: 102 648 723 94 16 492 101 779 77 37 423 413 488 403 566 615 
96: 458 234 598 21 480 429 235 867 79 877 66 17 702 527 196 586 474 332 579 769 182 286 989 722 780 153 696 87 710 
97: 480 165 117 601 878 150 196 748 434 513 881 925 52 751 939 143 865 94 44 524 577 759 
98: 446 452 439 84 154 281 152 120 954 168 64 151 182 63 932 30 501 390 
99: 573 301 818 208 526 74 408 250 938 735 174 198 707 951 643 245 863 756 456 558 725 630 
100: 652 242 498 159 162 160 650 934 22 997 926 320 632 269 571 745 232 180 275 20 677 742 641 838 
101: 840 19 403 16 502 992 271 828 296 152 368 353 462 95 334 281 444 565 128 464 241 801 518 
102: 23 95 760 236 968 375 618 931 494 773 717 898 135 676 366 896 
103: 70 655 539 777 561 827 788 373 346 536 41 924 980 800 430 716 246 748 121 335 542 
104: 799 764 376 442 282 994 332 945 876 471 136 548 821 748 682 470 383 
105: 999 677 418 744 163 359 7 136 147 575 903 483 108 524 955 14 141 983 40 401 708 749 878 
106: 703 712 44 543 948 226 535 660 432 285 580 650 816 36 298 261 321 871 672 280 518 887 937 877 
107: 403 724 237 19 495 861 596 0 153 827 323 663 317 
108: 508 687 617 429 565 808 136 105 812 806 112 7 193 642 521 667 479 
109: 829 424 898 789 134 760 182 311 2 909 907 512 222 936 847 905 
110: 8 10 618 163 938 291 153 53 602 240 150 388 402 398 457 779 864 
111: 157 112 453 930 209 487 257 988 461 226 855 457 133 135 728 35 40 42 581 
112: 111 760 841 890 449 835 108 716 588 419 697 55 740 160 354 
113: 271 764 368 696 217 392 317 504 451 157 19 254 974 601 404 755 430 186 310 646 324 
114: 6 51 720 816 246 579 742 576 493 961 641 12 
115: 755 661 218 372 186 315 357 927 488 666 81 169 89 397 721 345 726 487 
116: 673 594 461 234 948 750 586 669 458 987 256 228 715 664 853 287 261 996 585 499 
117: 725 316 97 548 354 351 519 13 437 989 870 266 46 876 409 284 498 243 973 
118: 293 844 438 960 559 435 723 231 683 956 665 551 743 656 979 887 406 725 374 777 370 631 
119: 946 14 724 989 382 647 483 177 68 307 245 435 817 229 247 66 181 191 160 72 569 377 336 
120: 939 774 438 970 566 28 500 766 382 839 233 523 922 98 571 410 474 298 502 
121: 19 652 754 514 874 449 556 615 815 171 127 545 926 77 85 103 775 488 866 847 542 824 
122: 183 547 695 472 963 760 394 197 38 754 391 657 65 537 57 46 
123: 710 265 721 974 498 92 631 852 43 84 754 82 367 249 772 311 314 
124: 276 850 836 964 623 11 692 865 486 336 796 271 646 436 338 167 664 928 
125: 992 234 451 546 988 155 930 213 781 668 274 888 212 759 813 542 995 335 950 66 914 62 
126: 749 189 134 248 835 834 391 710 192 206 316 767 822 226 495 83 755 940 981 
127: 609 68 187 675 583 379 802 121 74 245 595 622 144 774 442 413 389 35 680 862 438 
128: 51 684 82 785 489 503 589 710 322 412 75 633 972 614 727 88 995 961 101 164 
129: 45 737 321 758 267 691 797 724 134 84 337 382 873 18 
130: 335 420 895 866 666 1 357 461 463 160 405 796 684 956 167 53 4 
131: 233 523 382 804 902 936 806 45 670 400 427 510 813 850 188 37 981 779 915 761 81 10 
132: 222 742 352 263 944 516 201 460 930 961 767 725 273 276 469 701 776 863 
133: 489 675 424 697 268 165 25 800 584 111 535 148 610 262 456 888 493 750 923 806 
134: 958 900 782 490 109 986 126 881 224 383 93 129 326 70 761 916 827 558 
135: 492 692 213 477 387 776 719 821 266 704 577 865 186 951 587 203 111 102 379 70 232 328 176 678 
136: 298 645 773 105 842 526 425 923 144 956 108 291 246 54 20 198 271 161 104 387 303 966 602 850 
137: 479 758 321 434 390 946 873 298 409 782 876 602 964 648 779 190 791 748 511 48 430 585 822 637 43 559 
138: 853 606 691 29 952 905 790 76 586 884 969 191 189 752 540 
139: 528 826 419 866 524 977 646 361 508 500 573 457 298 287 360 198 601 
140: 788 423 582 494 287 36 557 405 514 479 625 653 23 46 150 689 329 
141: 923 411 296 27 844 618 254 520 715 483 12 756 959 105 961 407 677 473 325 
142: 988 957 85 401 708 963 663 548 428 48 610 952 75 382 835 176 322 
143: 219 840 236 764 407 345 278 944 845 983 97 974 852 755 45 350 605 992 868 36 694 871 
144: 859 35 379 814 617 752 649 466 212 136 937 632 350 127 556 39 169 623 224 648 
145: 993 727 162 524 271 17 717 455 955 471 292 7 894 545 388 907 836 84 257 768 270 34 403 
146: 185 560 971 282 962 17 406 623 368 928 587 
147: 649 163 853 105 335 667 46 377 612 708 759 627 239 177 942 720 551 954 
148: 433 216 304 783 773 542 473 352 150 764 527 744 133 83 170 914 213 986 261 806 345 
149: 619 937 90 638 482 488 927 824 538 7 711 327 331 522 
150: 21 656 184 668 539 97 667 629 428 230 110 791 863 821 283 886 148 179 256 287 761 286 807 341 912 140 
151: 26 218 184 980 653 241 481 581 711 379 937 336 975 506 398 98 192 998 721 318 265 
152: 818 70 184 533 538 483 45 898 228 101 557 686 33 236 362 381 615 760 568 64 354 98 472 492 535 768 79 56 
153: 45 855 991 426 263 967 702 110 749 198 648 8 736 640 4 107 338 528 670 96 807 375 819 716 568 205 512 
154: 27 73 26 158 98 370 832 817 528 752 
155: 365 828 323 944 125 801 329 766 278 629 400 281 783 570 594 175 720 501 967 380 339 952 412 621 181 620 851 
156: 535 510 876 678 388 865 519 24 732 402 575 603 757 795 315 203 996 159 
157: 319 111 393 374 56 44 451 195 74 609 185 113 660 503 219 737 340 64 348 190 220 972 
158: 722 451 647 665 912 154 493 682 311 365 18 225 377 270 498 524 668 423 824 
159: 300 679 528 590 488 886 13 69 883 100 645 815 394 906 202 190 317 957 445 671 200 156 964 
160: 381 578 558 861 100 812 630 465 259 130 611 277 262 586 404 687 168 199 119 76 112 217 
161: 498 255 967 344 216 938 71 0 79 326 136 853 809 883 750 
162: 680 145 342 165 973 71 100 817 844 536 531 379 830 637 454 859 22 456 963 
163: 175 429 147 105 110 491 710 806 961 379 245 753 338 975 170 668 656 553 219 717 
164: 270 174 585 456 859 745 986 5 874 660 510 272 405 176 947 579 128 566 
165: 97 654 786 162 582 487 267 291 133 731 805 599 547 766 946 
166: 28 806 509 763 13 372 832 362 311 498 664 757 614 29 907 837 427 647 
167: 713 676 660 31 184 798 804 365 833 571 244 58 614 396 226 124 470 574 130 466 576 174 
168: 969 232 556 448 234 567 489 639 169 177 245 248 292 754 988 221 938 997 215 98 160 691 3 653 747 336 822 955 224 
169: 837 506 239 90 2 903 623 978 168 320 321 203 216 455 179 115 237 745 144 939 446 716 597 691 
170: 428 523 85 263 47 983 864 913 572 958 12 685 304 581 470 277 163 288 236 262 874 222 740 148 316 709 836 405 
171: 639 965 457 723 841 769 909 320 274 692 254 390 121 237 792 452 569 802 519 386 713 893 
172: 55 443 641 380 975 377 270 4 694 944 198 432 678 983 80 
173: 980 240 449 991 774 619 443 936 884 530 685 659 7 756 
174: 591 634 164 806 743 72 604 56 841 924 888 632 442 81 629 550 99 0 279 77 402 719 417 876 755 314 167 
175: 163 445 353 716 556 694 155 463 691 805 696 259 697 593 460 52 
176: 860 588 52 383 707 563 552 997 405 804 957 977 645 978 768 209 428 446 742 164 324 543 826 142 135 
177: 871 681 648 660 93 452 686 818 119 984 168 762 697 147 650 729 78 92 518 79 991 498 407 966 637 
178: 67 351 421 574 92 914 729 19 821 30 775 339 444 392 298 263 36 386 373 311 931 950 984 
179: 948 379 640 52 541 41 412 867 759 231 94 348 733 150 489 648 61 169 322 396 999 986 206 783 525 776 
180: 644 16 503 742 801 680 804 780 453 525 660 479 100 499 366 515 
181: 712 494 460 733 435 754 476 518 396 438 119 155 56 65 380 699 
182: 227 985 499 412 856 469 862 710 757 109 892 59 879 870 972 11 882 96 186 248 452 321 251 98 200 699 57 
183: 122 534 958 321 230 327 852 816 446 953 369 559 426 441 229 279 22 271 556 750 973 740 
184: 644 809 367 150 152 389 167 151 560 13 800 39 212 729 984 705 925 282 314 711 
185: 971 146 697 496 754 603 202 157 771 608 579 667 750 
186: 233 84 534 327 725 115 431 740 189 26 135 690 392 846 864 182 505 566 342 839 588 113 847 482 928 
187: 484 934 217 949 354 253 345 343 429 127 721 929 486 51 596 671 449 47 810 573 
188: 871 652 371 304 557 301 562 34 205 275 936 715 876 612 716 823 463 131 940 673 308 735 667 
189: 617 216 520 126 419 704 47 186 742 43 796 259 282 316 911 687 754 361 545 94 892 138 
190: 565 897 480 248 306 540 216 41 209 569 744 159 137 877 497 676 157 437 91 
191: 771 1 244 452 801 241 45 566 651 383 611 689 600 552 119 138 635 
192: 928 86 802 399 717 443 783 440 193 905 818 677 2 282 426 56 488 126 570 151 605 892 20 
193: 5 542 597 192 274 218 881 484 749 913 108 655 16 963 667 356 816 
194: 2 296 390 308 895 592 764 566 637 257 557 52 55 516 757 579 392 489 522 342 
195: 49 431 260 575 815 196 598 157 53 451 203 627 3 87 40 474 412 573 244 404 341 939 539 508 922 
196: 472 97 34 207 195 66 61 847 96 200 941 393 214 27 521 892 
197: 36 483 397 900 322 666 381 19 434 86 376 751 122 546 29 371 287 926 855 
198: 568 490 461 562 365 434 517 153 136 712 99 88 550 350 172 443 327 885 139 638 441 
199: 551 526 239 836 345 24 221 734 785 826 160 898 15 
200: 297 819 310 680 828 312 215 196 85 909 718 239 508 668 356 554 363 805 777 159 685 182 582 
201: 884 617 384 329 254 812 848 132 877 906 971 296 218 744 263 837 56 375 
202: 857 386 247 974 481 850 61 862 622 538 185 208 315 159 597 982 876 300 740 342 309 567 
203: 515 318 509 546 711 207 195 442 169 606 574 458 135 229 212 481 991 91 908 468 156 527 740 922 
204: 664 295 497 993 646 850 924 303 351 819 338 724 458 390 366 349 8 610 541 638 684 67 595 
205: 405 280 71 529 823 295 595 269 497 717 477 188 504 221 634 779 532 570 731 578 942 807 153 822 755 590 1 
206: 924 89 818 346 233 483 716 74 255 52 731 944 413 979 957 611 467 480 710 492 347 539 369 126 179 296 896 38 647 
207: 524 505 77 196 916 211 991 203 44 222 861 0 461 214 956 938 37 829 
208: 573 337 296 908 420 820 99 390 457 756 846 320 698 202 945 82 790 889 63 961 564 875 387 392 745 984 568 887 236 
209: 806 422 463 305 928 111 190 176 674 654 278 609 221 50 30 266 870 
210: 691 53 471 935 506 469 236 366 784 361 520 284 879 728 480 221 217 
211: 530 720 848 777 207 536 935 427 505 696 27 249 719 470 465 269 908 294 32 998 695 
212: 710 997 597 327 649 790 144 795 184 849 553 409 125 898 548 891 35 36 399 48 203 390 318 368 618 
213: 404 730 28 135 929 359 637 814 316 125 344 813 426 481 240 285 473 507 803 80 853 704 148 632 
214: 988 368 355 747 327 320 397 664 910 284 196 207 837 899 730 48 476 473 
215: 950 446 961 976 619 460 501 54 384 200 533 468 35 475 168 713 815 530 933 15 
216: 411 57 929 189 502 925 148 190 339 597 955 80 161 169 873 11 778 790 637 255 432 335 747 221 
217: 187 954 352 526 712 251 843 398 234 113 85 950 790 999 871 57 282 556 160 58 210 
218: 863 151 115 949 384 193 737 240 242 489 563 201 877 855 
219: 83 925 143 392 238 738 386 77 548 930 375 725 54 11 757 533 584 866 157 995 736 513 841 344 163 450 
220: 952 67 810 826 829 442 473 780 466 570 831 2 843 536 697 888 935 3 456 157 
221: 883 504 76 908 490 607 990 837 770 591 901 199 646 205 947 287 168 615 543 233 209 210 216 968 
222: 339 132 315 429 269 275 667 600 320 867 977 544 109 657 207 898 170 921 956 812 52 805 266 446 
223: 883 969 327 451 822 658 569 68 12 233 439 930 858 400 478 232 899 542 799 409 335 889 910 964 452 39 
224: 784 384 828 320 779 519 134 388 542 240 541 263 74 907 144 606 683 233 168 824 
225: 22 462 667 427 272 958 21 482 957 422 260 849 598 158 908 833 613 83 
226: 599 31 579 580 429 106 461 939 452 985 303 514 111 929 271 305 167 546 693 310 126 473 422 372 
227: 182 819 640 241 62 251 467 321 448 907 427 809 313 236 633 
228: 802 352 17 733 600 787 152 480 316 433 91 991 116 799 287 334 542 746 56 947 
229: 801 27 243 532 721 701 277 852 284 917 0 734 281 483 203 326 183 119 399 646 337 
230: 183 853 727 150 686 360 33 13 428 337 602 721 81 818 
231: 565 697 419 675 909 399 629 118 179 29 939 367 930 751 256 
232: 670 835 168 273 274 272 50 223 462 823 744 8 100 965 135 592 859 760 241 461 
233: 186 131 429 871 965 877 206 681 68 526 223 6 696 120 246 772 571 221 309 90 676 517 224 
234: 125 885 96 735 594 786 116 892 744 334 936 168 217 257 898 399 488 58 728 299 409 357 
235: 341 718 96 808 681 534 494 800 946 55 252 292 443 654 9 353 569 724 
236: 102 143 210 667 152 907 555 693 618 170 954 827 632 227 298 208 
237: 442 93 107 920 826 467 926 651 338 46 171 895 289 509 169 374 598 547 504 511 556 
238: 219 72 825 519 675 774 867 705 296 995 751 820 57 576 
239: 384 826 199 169 442 632 522 627 85 689 147 200 882 586 973 406 869 641 697 323 
240: 540 173 957 718 391 110 406 985 218 213 224 568 974 901 279 929 624 474 280 8 
241: 434 227 528 191 775 321 742 844 151 417 915 280 936 341 819 981 985 101 232 
242: 612 100 839 607 841 269 864 6 218 384 430 991 557 540 552 343 349 
243: 941 229 740 429 710 736 581 753 387 415 616 911 117 811 362 808 835 272 437 
244: 608 191 473 647 333 819 922 751 390 671 167 898 626 195 393 851 810 422 743 80 
245: 312 507 924 651 94 401 753 621 980 517 949 612 252 423 827 163 631 168 127 119 940 647 99 751 770 493 
246: 837 37 673 985 913 332 30 684 936 380 114 136 233 601 653 103 674 847 947 435 632 957 3 334 517 
247: 202 699 815 550 958 942 41 868 905 656 444 19 371 793 401 999 451 963 119 735 760 297 928 561 253 
248: 512 388 292 374 65 190 126 902 654 768 168 13 440 986 617 913 819 182 418 963 988 
249: 315 38 467 693 58 957 834 647 211 379 413 639 937 435 123 40 411 883 811 683 860 
250: 413 890 719 259 330 99 646 587 38 780 645 735 962 266 558 936 892 868 662 619 10 876 915 
251: 531 818 514 276 600 639 217 227 274 922 287 936 669 73 182 566 
252: 772 425 834 959 971 937 88 245 493 706 910 309 235 721 738 416 747 398 343 272 849 
253: 582 335 735 648 187 93 27 737 271 68 609 747 30 374 360 89 401 247 294 
254: 413 391 445 681 772 201 417 920 141 860 171 680 342 113 959 286 887 276 7 755 751 278 636 
255: 602 387 206 938 23 161 659 692 441 525 477 810 799 969 847 907 216 19 578 
256: 271 439 947 116 83 150 632 54 763 393 231 831 264 642 
257: 554 478 725 597 788 631 855 518 234 660 194 834 111 320 65 974 626 421 846 663 145 49 532 766 
258: 670 727 375 808 950 962 902 968 686 310 363 963 723 0 860 601 336 757 
259: 715 862 925 250 160 189 766 175 720 981 836 644 694 
260: 917 195 883 780 552 576 660 45 486 225 528 61 494 31 401 732 926 
261: 264 681 801 745 671 358 57 550 720 478 843 993 63 275 590 116 666 106 148 981 314 
262: 879 739 530 662 670 803 821 325 360 377 828 631 160 170 657 86 133 535 403 
263: 836 981 170 153 717 739 132 841 641 497 875 874 269 638 418 903 459 178 224 287 201 818 346 423 523 667 
264: 261 605 564 940 6 550 391 669 684 333 951 586 488 909 449 554 769 580 954 912 875 256 801 
265: 407 575 456 611 825 123 779 12 783 489 267 866 650 736 361 557 379 541 151 
266: 365 716 70 682 135 687 877 383 803 268 117 250 631 895 613 85 615 26 628 52 209 222 
267: 84 361 421 822 129 854 165 328 265 938 739 347 953 565 485 
268: 768 644 470 918 46 771 959 387 825 567 133 330 869 266 818 772 651 513 627 801 888 
269: 670 222 337 928 410 205 308 263 242 294 866 100 444 211 994 610 408 378 753 
270: 596 164 716 550 901 908 651 996 669 172 946 824 466 278 862 308 158 446 875 332 145 
271: 113 256 88 145 101 916 30 253 7 136 226 940 689 619 768 454 390 85 528 124 964 291 183 285 627 885 809 
272: 706 377 582 225 639 232 323 438 325 576 304 164 341 419 383 849 243 755 252 
273: 591 345 18 827 232 570 439 305 996 741 329 926 342 132 282 465 74 866 510 928 343 
274: 894 441 506 171 232 193 439 251 764 125 497 94 298 72 835 
275: 569 373 393 222 594 844 978 188 78 261 786 100 323 350 
276: 63 124 364 251 529 510 945 782 816 719 61 807 576 132 92 254 283 76 901 534 469 
277: 509 709 440 720 229 744 289 938 638 542 773 810 170 160 283 807 288 
278: 730 557 155 14 578 143 83 742 270 209 5 505 369 332 455 714 329 342 543 489 254 
279: 489 607 748 331 968 174 85 925 240 183 927 902 375 326 433 
280: 703 205 636 705 676 969 756 679 867 417 981 845 924 982 522 584 381 241 529 10 652 106 240 
281: 775 489 802 439 374 977 746 916 155 519 498 79 98 875 229 443 101 941 
282: 989 479 439 557 443 716 898 104 495 665 192 675 146 189 584 273 952 184 217 69 563 
283: 563 50 754 969 566 729 663 62 359 931 336 150 606 636 526 277 480 500 973 276 699 352 416 
284: 908 393 921 229 641 210 733 544 214 354 574 861 117 30 905 720 701 680 
285: 385 565 885 660 679 470 925 213 957 106 849 54 724 20 271 14 743 983 290 17 993 
286: 626 739 607 971 334 690 608 570 614 74 605 96 150 254 503 313 738 918 978 287 
287: 840 444 825 828 762 416 140 22 424 874 541 907 251 139 228 457 414 150 221 442 197 941 116 263 714 981 393 286 415 
288: 579 170 494 774 277 777 
289: 387 659 23 405 897 39 759 653 647 277 971 967 662 237 678 708 594 513 591 574 559 471 622 674 974 44 936 
290: 874 935 989 594 18 603 291 379 49 502 285 686 554 
291: 709 336 888 348 110 57 645 44 45 165 867 136 826 290 14 406 640 271 506 363 
292: 833 748 647 248 20 910 60 641 907 145 638 989 235 794 168 973 28 76 543 964 
293: 118 634 807 647 50 992 707 724 532 359 952 588 60 754 479 626 42 755 
294: 928 91 525 729 757 929 334 592 669 689 269 620 600 655 785 211 12 556 253 
295: 440 204 704 353 648 205 703 486 562 386 363 836 710 809 615 420 862 571 859 318 66 496 
296: 23 194 208 358 141 334 101 406 786 670 895 892 201 922 818 536 780 238 373 642 206 473 
297: 200 739 343 798 827 608 67 4 797 918 964 315 860 953 494 684 591 654 359 56 692 497 576 875 347 584 444 247 
298: 136 22 697 593 941 445 565 903 374 33 855 856 326 337 137 778 139 940 403 315 274 178 301 120 106 935 36 367 312 950 954 539 21 236 
299: 645 653 591 579 334 376 467 496 416 442 636 342 710 594 690 849 744 234 419 916 689 
300: 883 159 916 717 526 758 682 959 421 637 951 564 600 511 331 744 202 513 70 938 617 320 659 
301: 99 188 392 86 306 863 968 556 728 983 661 22 298 985 651 972 750 528 714 976 605 
302: 53 526 29 795 937 82 768 567 337 852 451 906 48 380 692 794 711 655 475 905 738 
303: 494 413 747 754 18 680 579 781 450 700 204 226 590 136 414 669 
304: 456 854 953 188 57 148 544 723 538 471 483 413 832 83 402 531 170 779 272 9 712 635 848 720 453 405 820 325 39 645 659 
305: 469 601 711 499 921 209 273 15 226 909 494 
306: 505 6 840 190 71 829 487 301 356 699 520 650 38 920 986 481 439 644 367 410 353 985 
307: 807 813 784 23 44 316 774 43 62 969 119 844 489 425 405 441 537 
308: 575 551 894 688 194 703 932 504 269 18 531 423 91 492 86 608 270 379 499 188 621 
309: 719 734 338 650 19 474 371 252 903 456 233 530 202 
310: 525 790 200 473 946 825 792 258 725 550 947 67 791 226 882 113 823 
311: 796 797 502 435 109 625 757 158 567 763 859 166 178 123 454 522 
312: 625 245 90 435 461 651 200 896 517 736 913 83 298 471 647 
313: 611 50 856 487 451 839 813 463 227 960 286 606 609 556 371 456 
314: 26 580 611 336 555 89 184 44 174 123 638 261 
315: 63 249 222 754 297 115 18 5 726 419 935 7 202 644 298 720 961 700 832 597 156 860 
316: 58 378 117 554 213 747 856 228 325 877 915 512 307 189 431 419 664 19 761 126 170 27 
317: 461 354 472 730 113 917 890 661 398 66 687 586 642 656 159 429 702 107 732 941 784 973 58 
318: 903 623 203 509 386 936 846 641 337 212 729 295 151 326 452 947 
319: 414 157 895 540 818 413 28 72 617 637 550 881 23 
320: 977 417 622 382 85 701 87 224 798 507 222 778 171 942 629 208 214 169 257 100 941 905 617 734 300 658 39 564 545 11 
321: 532 183 7 3 944 137 129 600 241 666 227 58 903 169 582 857 619 644 182 106 26 
322: 504 197 881 25 675 626 128 651 850 557 866 461 765 859 735 179 344 142 831 
323: 155 782 706 272 563 107 907 881 239 275 
324: 914 915 772 71 834 653 529 733 830 621 416 674 971 736 176 854 948 113 
325: 548 415 262 61 316 467 272 881 75 765 390 304 442 141 
326: 546 24 612 689 549 752 298 48 134 357 229 597 161 578 979 739 279 969 925 528 318 
327: 759 497 677 893 395 186 223 183 212 733 364 646 430 833 916 214 587 707 746 393 686 198 892 149 
328: 609 400 267 716 547 55 426 934 445 797 713 135 389 
329: 754 377 619 897 201 155 551 449 444 613 273 546 607 747 563 339 433 979 278 671 605 140 
330: 810 641 818 32 719 250 871 701 936 268 60 397 654 591 75 74 790 
331: 994 761 615 893 877 91 924 279 803 379 489 714 871 859 300 770 462 149 
332: 441 633 246 902 792 87 414 577 104 96 946 8 675 376 478 847 610 335 278 19 718 270 
333: 978 424 539 244 264 39 743 400 42 534 726 641 886 857 774 403 
334: 683 811 452 296 234 299 286 992 294 784 345 923 539 228 722 587 68 632 101 456 650 800 246 979 881 787 
335: 253 130 147 398 594 372 658 569 718 69 223 395 125 103 216 332 387 
336: 914 291 893 530 590 314 890 660 998 970 514 283 124 803 151 5 595 797 258 863 168 738 119 
337: 731 208 269 387 302 962 638 735 298 729 912 804 502 129 451 583 764 230 20 885 318 945 51 658 229 
338: 774 309 799 56 237 163 204 653 584 441 153 124 
339: 222 715 216 352 960 178 155 888 381 62 436 594 329 953 
340: 727 448 0 971 699 918 644 731 530 82 570 157 907 590 
341: 491 235 661 524 807 514 41 853 395 715 447 731 241 272 195 833 150 924 790 
342: 890 713 915 162 644 742 516 254 897 273 882 947 453 972 299 805 432 965 186 202 278 194 
343: 53 297 660 914 187 582 488 724 519 398 997 273 242 252 903 
344: 972 430 794 588 789 161 213 43 940 542 862 623 495 322 496 638 605 219 55 
345: 273 841 356 526 187 350 199 143 334 871 660 679 59 115 148 
346: 718 206 663 24 541 103 423 898 737 788 29 691 450 684 923 263 664 706 
347: 546 932 947 945 267 206 692 297 623 419 67 502 462 615 519 454 
348: 721 291 179 481 677 663 686 549 29 825 558 157 865 962 
349: 39 45 395 905 970 815 730 486 834 606 431 509 589 984 30 73 204 972 242 681 
350: 761 923 43 464 345 962 880 650 899 144 674 770 721 198 512 898 638 143 732 627 567 275 805 956 820 
351: 509 178 448 117 426 35 772 769 17 204 47 917 393 22 845 796 793 633 
352: 228 217 132 545 399 726 26 339 148 574 381 474 952 681 849 283 951 724 
353: 541 295 906 175 803 785 587 438 101 35 371 489 665 894 754 625 526 235 306 957 627 
354: 317 430 982 117 187 904 991 51 152 535 284 16 582 362 729 967 112 
355: 929 515 813 391 919 214 953 729 415 4 523 370 70 648 89 51 531 961 
356: 680 670 569 919 809 345 664 306 657 941 899 688 747 838 789 590 200 193 3 384 83 379 
357: 507 863 651 56 71 621 130 727 466 115 842 414 516 845 326 808 565 390 234 690 857 
358: 698 296 46 261 26 568 737 978 642 745 424 616 834 658 
359: 105 813 213 915 480 25 460 293 537 283 730 767 297 774 737 995 648 784 830 
360: 86 871 262 551 230 380 395 139 383 942 513 565 253 588 767 
361: 478 417 267 531 700 605 891 486 610 768 210 139 593 397 803 718 880 364 569 28 265 932 189 454 
362: 605 525 425 685 152 973 791 913 166 354 942 645 966 243 868 666 891 
363: 883 905 770 642 468 983 40 846 645 498 295 258 741 717 768 200 544 407 884 636 742 291 
364: 514 870 44 841 276 15 327 680 848 519 990 489 879 361 694 586 989 
365: 822 266 155 77 167 629 198 540 715 86 840 992 158 501 510 974 668 377 429 895 467 
366: 505 210 816 494 486 583 204 180 753 102 738 786 624 
367: 19 184 373 993 950 443 521 477 699 506 231 306 449 123 638 298 994 
368: 554 214 633 391 113 101 445 52 691 146 985 212 964 27 392 2 
369: 390 590 463 658 379 385 672 755 183 482 206 278 726 
370: 854 842 62 392 586 613 154 740 671 355 489 464 664 787 118 877 
371: 704 188 801 618 777 662 309 452 785 247 353 197 373 400 970 511 851 430 673 736 313 
372: 623 451 616 802 465 115 335 991 409 166 28 38 226 
373: 367 275 706 616 526 38 103 667 374 20 13 946 371 866 296 90 745 178 388 
374: 157 672 443 451 281 248 985 457 298 930 785 487 373 800 870 588 384 580 643 603 237 118 253 
375: 400 258 974 403 848 102 926 219 25 641 80 153 279 977 738 756 201 
376: 744 682 540 672 104 991 197 299 332 649 573 624 819 913 739 754 631 610 
377: 848 272 329 780 58 147 262 819 172 479 30 817 534 158 62 365 706 119 0 
378: 597 316 433 459 49 652 978 79 13 86 407 4 631 860 810 603 269 
379: 57 179 768 475 369 144 879 981 92 66 127 821 163 331 151 548 249 290 89 511 772 162 56 135 308 62 265 572 356 
380: 415 615 823 876 172 595 926 642 246 854 302 360 608 155 73 864 561 181 839 578 658 552 
381: 917 160 435 197 597 883 87 538 280 152 577 552 736 339 498 410 352 79 920 626 527 544 90 
382: 131 320 392 670 60 530 444 704 119 120 405 977 641 18 879 917 129 142 726 915 703 
383: 501 176 980 877 910 4 912 134 431 266 191 656 272 360 778 104 871 706 
384: 239 34 201 78 224 746 605 998 218 215 65 638 374 242 481 764 416 74 407 356 528 
385: 285 419 606 66 763 856 369 476 691 923 769 733 761 
386: 202 58 425 665 898 219 723 295 318 13 532 562 670 171 407 509 980 800 178 10 41 697 685 
387: 289 972 135 337 255 772 932 268 626 766 449 243 817 136 208 677 671 950 427 597 38 69 904 335 
388: 248 817 156 441 693 224 110 911 40 510 650 145 18 409 787 731 373 850 
389: 453 87 917 581 184 946 857 612 427 462 88 403 127 328 432 
390: 708 41 369 194 721 47 208 530 137 872 643 70 652 171 788 244 204 975 405 727 271 495 325 212 357 438 606 98 
391: 254 264 40 355 796 368 656 240 21 751 473 757 122 126 973 930 772 687 38 883 
392: 219 662 5 693 382 370 464 301 771 598 113 414 854 186 178 602 73 823 427 435 194 578 919 208 368 
393: 422 157 12 502 275 892 444 723 284 734 608 420 196 858 973 820 327 852 351 29 244 256 975 871 77 287 698 
394: 614 517 405 584 726 780 122 421 862 159 899 530 401 906 716 
395: 426 552 349 327 613 456 56 341 567 360 614 651 335 884 869 78 897 
396: 421 754 81 515 432 755 760 487 899 167 181 752 179 632 403 943 815 418 1 
397: 197 89 740 776 361 214 839 330 627 457 115 7 696 
398: 71 978 614 335 826 73 217 668 317 729 110 151 252 546 475 343 0 956 
399: 633 192 766 231 840 352 665 966 997 685 70 907 600 439 429 577 234 709 608 668 854 212 229 985 865 958 666 16 767 973 
400: 375 849 11 496 155 438 328 891 333 223 131 801 371 880 712 786 514 490 493 597 466 834 
401: 579 953 676 245 8 142 9 840 975 670 561 247 604 620 394 872 736 694 762 105 405 695 553 260 253 
402: 576 69 691 926 575 669 495 786 110 653 156 304 485 52 174 991 490 879 643 65 481 574 
403: 107 101 375 829 991 905 298 853 78 661 396 58 389 447 95 524 262 333 971 145 
404: 213 411 817 740 692 983 968 645 717 818 160 725 195 799 113 575 439 
405: 205 394 742 650 662 289 176 665 91 925 639 382 441 140 130 390 164 801 430 401 304 418 800 170 307 980 611 
406: 918 799 21 296 29 240 981 812 886 774 773 711 146 855 618 118 679 24 291 239 713 599 
407: 265 914 581 50 663 583 143 440 678 68 20 592 378 699 786 386 932 141 363 973 453 177 384 576 
408: 714 617 722 707 94 766 976 99 720 906 269 60 856 
409: 556 521 572 834 585 670 481 137 555 372 212 913 703 117 821 842 28 223 388 234 533 
410: 768 31 269 577 82 862 381 120 550 56 306 620 728 708 
411: 451 825 738 216 404 141 427 719 967 866 27 499 38 823 249 881 
412: 712 182 766 179 128 790 494 625 433 603 5 860 699 734 195 819 155 824 849 868 814 960 
413: 254 250 303 615 970 206 26 27 36 972 560 304 938 415 249 992 319 48 95 974 127 647 840 516 795 436 802 604 
414: 319 586 56 421 684 948 634 818 332 769 875 392 693 757 874 357 736 479 732 287 841 81 72 303 584 
415: 380 913 588 739 325 892 902 537 729 509 355 720 65 413 243 705 287 
416: 774 733 11 980 287 602 691 299 324 53 252 559 384 994 283 952 
417: 441 361 475 320 254 948 280 241 800 722 564 174 686 935 547 896 712 626 813 618 39 
418: 105 683 533 994 53 552 487 741 263 434 567 16 952 873 248 481 405 788 972 396 444 888 702 
419: 385 434 139 231 86 531 724 0 189 559 315 316 272 426 485 347 112 888 840 299 926 659 
420: 732 482 130 639 208 703 35 393 918 868 585 707 295 866 556 73 660 429 634 
421: 396 178 681 414 711 936 994 300 642 924 267 394 573 6 853 586 720 846 968 86 448 479 257 891 831 
422: 393 977 460 722 209 791 844 19 835 90 998 225 523 678 766 856 244 817 226 
423: 519 140 613 805 821 802 245 346 439 872 482 746 95 308 611 526 263 866 158 
424: 109 48 677 571 781 93 333 133 694 287 90 468 923 790 718 737 358 887 
425: 252 386 440 362 84 136 842 79 911 694 708 307 868 640 56 657 
426: 495 863 883 395 153 693 351 931 796 10 40 213 328 564 192 897 183 419 679 643 13 491 759 
427: 411 225 951 433 211 724 389 131 591 227 959 428 863 4 392 920 387 166 
428: 170 921 494 713 11 452 150 142 445 74 653 230 429 176 427 679 636 4 556 725 44 737 938 34 651 
429: 163 233 222 108 96 226 187 468 950 41 846 990 969 243 399 853 428 431 317 444 835 590 511 365 420 
430: 354 505 986 344 762 794 976 327 103 940 547 549 242 934 405 137 685 371 113 840 959 59 500 
431: 195 186 834 383 349 894 316 656 429 685 62 864 64 470 838 
432: 46 900 498 396 890 106 642 487 774 505 552 342 693 216 172 389 
433: 836 378 148 23 228 943 427 648 834 412 963 589 752 912 41 438 904 329 279 
434: 241 779 419 137 197 97 198 418 928 69 919 70 734 565 993 16 
435: 928 526 381 649 118 637 312 311 475 992 817 6 181 737 525 492 968 945 753 119 629 392 559 246 249 841 708 
436: 453 499 16 73 992 501 339 124 413 
437: 0 579 12 46 117 933 733 620 782 773 611 190 243 
438: 800 783 118 503 120 591 582 824 400 50 484 272 21 353 746 480 951 86 433 181 604 885 769 720 390 127 38 
439: 535 281 256 552 480 282 821 98 990 273 274 423 223 31 988 873 399 565 306 792 983 517 938 404 
440: 295 277 425 39 192 36 886 407 673 787 248 978 33 792 901 54 
441: 545 417 274 332 608 726 897 388 518 255 405 750 707 338 183 568 811 307 198 855 671 
442: 237 940 76 239 104 174 203 220 836 787 944 11 737 299 287 949 59 492 127 808 325 
443: 374 690 514 172 696 192 282 483 474 367 512 858 61 173 44 235 724 198 281 789 507 449 671 
444: 287 923 393 382 780 247 676 329 821 993 889 178 805 776 601 663 705 983 269 700 609 101 297 429 674 418 
445: 175 847 78 254 298 494 950 31 488 59 428 368 465 526 741 770 328 466 917 503 505 726 685 159 771 85 689 
446: 45 683 799 98 215 544 720 14 998 489 914 183 907 986 176 470 512 48 981 775 169 270 756 519 222 
447: 583 870 646 860 971 674 786 341 804 884 468 685 921 477 893 623 403 686 56 760 
448: 351 554 571 763 744 340 168 227 30 88 598 486 583 575 937 40 421 79 68 733 15 965 496 643 
449: 573 890 173 329 550 864 996 121 789 112 387 264 877 786 367 79 187 914 5 627 443 28 
450: 497 619 625 478 839 303 457 1 747 681 346 717 460 469 629 459 219 
451: 646 578 372 125 411 374 157 71 158 223 884 833 302 834 72 532 313 113 195 614 592 247 337 980 945 588 2 
452: 191 98 660 334 428 177 226 88 777 973 371 171 636 692 182 780 987 223 318 
453: 731 389 716 656 790 436 111 916 180 460 342 304 971 407 766 640 
454: 875 604 488 478 271 828 162 733 0 311 668 361 697 347 
455: 774 850 145 582 686 505 41 634 169 992 615 814 52 278 792 482 
456: 304 565 265 395 164 863 990 629 881 512 537 946 753 900 884 910 869 595 999 309 334 718 133 642 220 162 99 313 508 598 
457: 766 709 171 6 374 539 469 208 450 599 94 87 776 139 528 287 111 110 775 397 829 874 508 817 
458: 96 739 657 703 514 599 489 890 737 116 204 203 787 832 866 575 89 500 
459: 621 769 805 378 599 713 978 74 263 969 82 981 542 880 908 514 19 46 450 
460: 746 722 422 900 617 582 867 625 181 359 215 671 709 566 713 132 603 502 453 744 925 541 910 175 450 79 963 811 38 
461: 317 198 116 476 312 556 226 628 742 130 989 652 478 111 657 594 322 90 526 691 754 207 667 232 
462: 926 915 910 225 749 876 900 937 57 489 101 389 232 794 347 331 691 860 
463: 721 369 209 565 175 80 130 313 20 685 468 687 188 26 816 11 762 464 
464: 978 392 24 527 350 574 804 370 50 53 85 101 662 463 862 
465: 727 575 744 724 780 773 580 372 939 835 89 611 445 160 705 593 515 211 273 1 734 498 807 928 78 
466: 869 539 800 610 833 144 549 357 819 850 27 968 220 445 270 929 584 756 555 167 400 702 
467: 249 325 237 227 206 299 9 527 832 675 365 
468: 927 843 363 744 598 429 585 215 906 447 865 463 975 424 684 721 203 829 
469: 755 305 977 182 906 457 210 857 621 923 654 503 509 450 643 655 978 132 975 785 527 276 
470: 268 971 649 997 285 759 565 20 170 211 569 446 590 769 689 724 167 104 431 
471: 632 637 210 483 35 807 9 849 145 304 784 949 723 52 498 104 37 289 983 53 937 312 658 574 82 
472: 521 196 317 122 655 17 799 152 954 949 
473: 617 648 4 244 310 52 391 809 220 148 688 213 886 32 40 226 214 141 296 
474: 945 501 309 443 667 96 521 813 195 352 120 648 580 240 
475: 954 417 860 379 481 435 75 507 618 653 851 984 912 215 709 302 398 687 
476: 683 723 461 610 790 507 828 678 385 947 181 993 799 68 511 707 779 214 
477: 685 135 205 367 90 838 255 804 920 512 447 540 697 909 
478: 257 361 791 892 510 450 50 461 454 223 261 621 642 332 538 697 972 523 490 
479: 705 83 137 282 728 799 82 377 414 565 9 45 180 140 421 293 108 902 648 6 693 625 
480: 97 770 60 439 190 96 359 228 28 804 962 648 438 206 702 667 584 283 864 923 210 945 654 
481: 549 757 708 554 560 475 947 845 202 409 348 151 213 922 306 596 628 946 542 764 203 418 384 402 
482: 957 521 420 926 14 960 919 636 764 834 225 925 39 423 149 81 609 369 876 653 998 968 628 455 84 186 
483: 197 471 206 152 859 443 119 141 304 105 654 74 743 229 88 985 884 51 899 
484: 187 40 526 703 587 646 640 680 7 485 739 438 193 48 548 790 
485: 513 729 487 484 966 740 608 402 642 66 419 625 0 54 267 563 622 
486: 3 925 573 361 295 349 885 366 81 448 124 760 260 777 522 187 55 709 730 584 603 568 
487: 688 984 500 485 306 637 48 165 111 313 432 374 418 498 38 60 396 545 653 521 821 14 115 
488: 53 748 159 445 864 115 590 454 10 264 343 149 506 979 192 234 847 64 28 783 121 95 948 
489: 866 660 281 279 497 133 128 709 737 458 446 168 462 265 331 353 364 218 28 179 648 370 614 307 21 194 889 718 530 278 635 
490: 638 198 134 551 221 852 650 704 817 402 52 400 478 
491: 341 511 962 163 971 695 617 955 22 708 832 14 426 
492: 135 524 908 955 671 978 45 530 84 95 585 435 676 746 206 38 501 308 28 152 442 
493: 5 48 549 158 998 252 554 972 114 133 824 81 400 245 741 
494: 303 713 794 883 428 559 516 140 718 905 445 181 501 853 235 412 366 102 297 4 260 288 793 741 305 
495: 426 760 543 764 107 402 282 92 39 895 344 523 836 390 126 37 705 968 
496: 918 185 400 783 718 20 862 826 943 299 559 344 448 295 
497: 489 327 450 204 656 533 510 205 955 263 893 774 849 274 816 794 648 297 742 564 190 741 514 
498: 41 88 100 161 432 31 781 363 281 597 123 51 487 555 19 733 974 531 471 50 381 117 166 37 158 40 465 631 177 917 55 652 547 
499: 182 861 903 883 305 436 693 650 885 720 912 932 675 983 814 411 504 308 180 674 116 895 715 550 
500: 487 582 862 995 922 120 914 690 139 992 808 15 631 637 82 509 756 283 64 520 458 430 
501: 383 647 587 474 856 544 580 877 659 494 215 155 61 1 705 365 492 436 661 859 76 98 780 
502: 769 512 393 216 101 536 311 844 955 673 845 460 28 337 833 765 347 50 120 290 803 
503: 29 438 180 128 949 927 739 519 31 998 595 627 469 445 157 286 806 587 
504: 322 569 563 221 530 22 308 113 742 205 852 813 580 965 499 43 3 583 716 237 920 1 803 
505: 685 207 306 430 774 366 842 910 996 84 588 211 432 455 922 911 644 810 186 874 445 278 895 955 883 748 
506: 169 210 274 551 741 855 367 908 721 38 488 25 875 779 151 745 49 82 291 961 
507: 357 245 991 956 320 476 686 29 575 475 979 541 213 614 443 851 568 
508: 85 764 108 941 627 945 586 825 513 737 58 139 53 68 200 599 457 195 456 574 
509: 277 351 784 48 25 839 704 203 72 415 533 166 318 541 934 894 349 237 500 469 386 574 
510: 746 640 811 156 924 478 276 497 841 678 131 164 388 723 365 44 532 273 831 
511: 491 797 640 728 57 911 379 300 639 137 476 371 846 922 429 32 237 
512: 248 502 724 316 443 109 456 446 350 477 516 682 22 153 
513: 485 923 764 552 558 508 97 916 36 289 605 360 300 268 219 88 677 
514: 364 765 443 251 341 458 850 946 121 517 962 910 894 943 336 226 518 140 737 18 965 400 459 497 
515: 556 355 203 396 711 794 700 465 748 640 987 670 180 694 
516: 560 494 987 6 70 870 132 904 357 342 970 194 933 512 413 
517: 915 394 836 5 39 514 245 59 198 312 439 689 86 709 233 940 895 246 887 
518: 0 58 817 879 12 257 441 1 514 181 682 573 984 4 177 631 808 106 557 101 
519: 423 659 977 93 993 117 281 744 224 238 711 156 503 24 976 364 822 171 343 729 906 553 880 446 915 347 735 851 
520: 970 821 607 938 189 141 813 306 749 210 929 990 676 614 500 
521: 973 582 472 482 409 962 952 725 367 724 636 474 666 487 58 904 108 547 589 731 196 
522: 740 918 722 776 924 915 827 239 280 699 786 486 44 810 194 311 896 976 149 
523: 902 170 131 879 81 967 120 355 19 800 853 780 422 836 495 263 478 
524: 207 145 492 341 528 139 981 694 105 787 582 847 846 97 649 866 158 403 703 
525: 979 362 294 310 790 707 32 88 31 255 435 855 180 2 15 590 179 62 
526: 302 969 744 714 435 642 300 952 967 484 199 79 956 373 217 136 345 99 833 233 550 445 966 850 283 461 722 991 68 353 423 583 
527: 737 464 560 841 39 96 839 580 572 531 467 148 603 13 203 381 469 
528: 139 61 159 18 837 524 241 756 529 15 705 644 50 89 457 260 154 153 271 672 301 551 835 326 803 384 725 
529: 205 276 875 324 528 944 766 31 280 950 910 
530: 211 574 504 262 73 382 336 390 656 492 857 623 173 394 340 906 71 215 683 309 590 702 489 
531: 979 251 361 93 743 8 419 670 668 527 304 162 498 308 737 893 355 983 947 554 
532: 321 52 229 994 293 451 68 845 386 621 608 623 205 760 42 49 962 938 510 710 257 871 676 
533: 922 854 152 857 796 497 418 781 769 726 509 868 215 63 618 219 599 824 85 663 815 949 709 409 
534: 855 25 183 186 842 657 235 993 608 706 333 581 377 276 601 626 541 
535: 156 439 965 106 724 67 354 133 777 152 262 68 70 
536: 761 502 984 12 211 88 103 604 861 162 220 296 913 40 996 
537: 585 845 732 415 359 456 700 591 945 624 714 760 122 307 
538: 152 797 814 721 304 550 381 202 575 478 149 770 86 820 75 
539: 466 912 150 649 457 103 333 801 52 334 634 741 887 206 582 886 946 760 298 195 606 7 580 
540: 240 376 190 618 48 365 694 319 944 992 477 242 138 
541: 353 1 179 555 953 346 553 509 507 287 224 18 704 460 678 603 802 730 84 204 10 606 789 265 534 
542: 193 957 83 79 82 72 224 277 148 344 936 860 796 223 228 481 125 893 459 701 854 612 121 907 103 
543: 495 670 58 612 106 797 61 979 717 864 599 714 221 176 570 79 292 278 
544: 842 446 735 501 304 222 650 762 752 705 284 805 714 363 945 597 629 381 
545: 441 926 669 840 867 854 352 880 915 697 487 121 145 871 729 982 633 189 852 948 781 320 
546: 347 326 811 72 125 714 983 778 34 39 573 203 883 197 818 625 329 725 611 226 702 398 929 
547: 122 796 787 821 825 668 973 328 1 647 430 911 826 765 623 165 521 417 638 237 70 926 498 
548: 117 325 899 989 3 630 142 219 826 379 640 767 895 212 943 997 815 484 104 820 902 9 
549: 481 493 326 466 49 52 781 847 430 348 666 674 
550: 21 270 264 247 261 449 526 538 174 310 894 198 668 892 410 319 88 499 829 
551: 199 308 490 329 360 506 588 118 13 774 647 953 79 528 63 147 697 653 
552: 395 851 439 176 260 513 623 825 765 598 418 678 381 432 73 987 732 723 191 799 898 242 581 380 
553: 875 761 696 541 212 669 992 683 58 519 163 894 401 84 693 
554: 257 316 448 368 481 71 935 896 779 781 712 264 493 793 996 200 661 880 800 594 891 290 531 
555: 47 853 939 607 541 774 27 409 498 236 314 577 656 466 965 775 829 
556: 515 409 851 168 175 461 653 79 910 956 832 301 121 885 733 747 978 857 670 859 662 875 888 144 420 428 217 183 313 294 237 
557: 278 732 887 188 282 811 152 140 194 322 73 940 664 242 847 265 744 775 518 709 
558: 650 605 513 160 857 670 250 23 786 580 348 99 772 134 596 
559: 118 494 815 67 661 419 77 883 53 183 496 858 435 289 416 639 938 137 
560: 516 657 146 481 527 184 719 84 650 413 612 65 621 
561: 686 103 634 649 860 401 655 380 651 28 980 840 247 
562: 902 680 198 295 651 188 626 689 386 782 981 724 
563: 283 504 996 176 47 614 992 603 323 874 888 10 218 329 738 732 661 875 835 282 485 653 
564: 264 844 598 65 704 706 942 983 43 426 38 300 417 208 767 87 971 497 93 320 810 
565: 231 456 190 285 298 1 966 967 108 774 29 463 470 719 922 479 439 674 357 823 101 267 887 642 632 434 360 578 605 963 
566: 808 80 928 920 120 77 283 194 701 460 11 46 191 747 898 186 251 95 164 
567: 302 662 833 751 168 268 885 700 747 395 973 311 603 59 418 851 853 810 350 780 202 755 
568: 198 737 821 961 69 636 358 240 152 633 441 984 208 852 507 153 486 
569: 504 275 928 959 627 931 356 829 223 12 190 335 836 801 919 922 590 786 0 171 970 470 654 361 833 747 119 676 235 981 
570: 273 818 873 155 972 286 977 15 220 782 813 340 784 205 679 543 192 590 958 
571: 82 3 976 59 998 803 577 448 813 424 835 617 606 725 167 100 953 120 233 875 295 737 984 
572: 823 628 590 409 777 170 527 588 587 379 71 
573: 99 56 208 449 754 744 622 486 421 881 546 982 139 799 829 77 963 518 637 195 735 864 376 187 879 
574: 178 530 694 86 616 836 464 686 5 203 677 23 735 639 352 284 866 289 167 871 402 471 509 508 739 
575: 308 265 834 465 880 195 105 597 402 32 614 41 507 730 773 538 712 448 156 954 2 645 404 663 62 948 458 959 
576: 402 819 51 749 72 69 260 833 787 700 627 272 114 983 664 967 276 78 973 297 92 167 889 742 238 407 
577: 571 51 596 890 410 332 135 770 381 920 399 696 913 555 921 97 
578: 451 638 48 160 723 642 910 615 998 278 780 884 847 92 41 392 326 205 765 640 380 255 565 6 833 
579: 401 674 299 722 703 583 303 226 437 584 891 805 114 288 963 96 38 194 164 185 
580: 958 465 661 4 501 226 699 314 85 527 106 374 264 504 558 474 539 
581: 950 407 389 685 595 935 151 243 170 534 848 651 552 899 111 
582: 253 521 500 140 272 438 165 455 460 930 601 864 321 4 343 539 524 354 715 830 200 
583: 447 725 926 881 579 51 836 735 635 407 127 594 448 366 740 927 16 337 44 504 764 677 526 
584: 958 604 2 34 394 610 579 280 338 957 975 133 282 219 480 466 297 671 414 91 486 815 701 618 
585: 792 537 944 782 996 905 164 696 409 10 824 492 468 420 921 137 116 670 615 869 
586: 775 414 768 370 744 508 96 116 944 138 421 264 853 160 317 239 364 844 
587: 50 501 790 783 670 484 759 860 353 622 836 327 963 135 250 613 334 572 888 960 598 995 674 936 773 146 902 503 602 
588: 176 22 415 8 344 811 933 751 505 551 374 766 293 858 572 825 803 783 112 726 186 360 833 451 
589: 696 128 672 889 761 923 794 433 808 93 349 802 705 521 791 
590: 159 572 369 944 921 796 336 826 887 488 569 303 883 14 46 356 525 470 261 935 13 78 429 530 340 570 680 809 205 
591: 273 174 299 438 627 221 427 638 40 631 537 297 330 916 950 289 984 816 892 
592: 978 913 701 194 809 838 988 42 294 628 451 690 407 1 900 232 75 29 
593: 982 813 943 298 625 793 361 747 670 624 465 827 804 175 
594: 116 234 275 155 335 15 290 18 583 905 675 461 289 860 957 650 339 299 681 554 904 
595: 999 600 205 977 824 380 979 581 846 707 756 902 613 456 88 503 127 905 854 336 15 204 670 
596: 270 577 920 649 107 481 605 610 187 620 558 
597: 378 71 257 193 212 772 575 381 713 498 216 689 34 946 1 202 326 16 315 736 169 544 400 387 
598: 564 96 824 988 731 468 392 68 712 195 552 448 88 652 225 616 761 587 802 237 997 814 456 
599: 226 459 458 457 696 972 606 739 543 533 165 508 744 998 10 622 75 406 
600: 595 251 672 228 222 718 321 82 661 399 16 734 785 294 300 609 41 191 66 755 
601: 305 97 775 860 949 582 823 246 935 444 749 14 113 45 258 139 534 669 828 
602: 667 799 38 824 255 9 895 110 70 0 416 137 392 713 853 230 727 842 631 684 1 136 794 847 54 587 
603: 798 972 17 812 563 185 901 804 87 567 680 290 460 66 412 541 156 374 770 527 378 44 486 40 
604: 852 922 584 174 662 454 941 536 629 716 969 401 34 982 626 930 438 959 984 666 413 
605: 264 362 629 558 384 361 693 36 678 3 286 596 674 513 76 344 998 143 632 866 668 192 301 565 329 
606: 138 385 835 932 861 571 682 349 789 203 766 283 599 652 224 313 541 390 539 86 
607: 703 279 949 520 555 918 286 791 242 221 841 329 857 869 925 696 690 747 888 
608: 244 930 82 832 297 989 441 772 37 393 286 678 29 534 485 532 380 904 399 741 702 185 308 701 
609: 4 127 328 157 55 634 600 482 36 253 872 444 209 933 783 773 745 313 876 
610: 8 466 846 983 584 476 839 781 361 930 756 650 142 596 133 332 4 204 269 716 376 
611: 313 855 265 799 37 314 465 206 58 951 753 926 191 160 74 546 872 887 423 437 734 405 
612: 242 759 652 326 78 647 543 836 147 245 676 33 389 85 847 673 560 188 53 0 765 628 792 58 542 
613: 935 26 871 423 395 961 895 370 329 755 595 704 587 649 266 718 225 
614: 394 777 75 398 563 575 286 451 669 128 947 395 167 705 489 507 520 875 166 
615: 902 380 866 975 413 331 875 578 633 691 663 121 896 152 618 295 221 455 266 95 585 347 
616: 728 372 626 373 825 574 693 243 598 63 868 766 358 714 
617: 189 408 201 473 973 108 460 144 571 954 867 491 248 935 320 826 763 319 300 
618: 54 110 637 371 85 540 141 889 764 102 475 944 960 7 872 615 533 236 406 786 71 212 584 417 
619: 902 991 329 870 450 149 638 215 173 684 657 686 731 271 321 641 68 250 759 833 
620: 626 793 870 693 845 909 761 765 675 23 28 17 33 401 294 437 694 650 882 596 155 805 410 
621: 944 666 459 875 2 884 245 357 4 324 532 469 478 40 880 25 155 637 308 560 
622: 320 894 573 836 813 202 587 686 42 26 127 661 289 745 949 599 485 
623: 372 10 318 124 698 552 731 897 169 73 530 344 764 831 532 146 732 447 547 144 26 347 40 
624: 665 593 537 826 240 376 366 
625: 28 312 2 593 450 851 760 460 34 311 897 412 546 353 140 485 15 479 
626: 620 286 616 759 322 60 387 699 562 724 896 85 931 604 244 257 381 293 988 417 729 534 
627: 845 508 569 855 693 591 934 820 239 874 923 28 195 576 147 397 503 637 920 350 271 268 449 912 353 885 
628: 572 651 993 675 461 960 592 481 896 816 667 612 908 266 482 732 946 712 
629: 79 605 654 150 155 365 231 320 456 174 604 913 435 977 702 986 544 450 810 60 
630: 677 641 861 683 71 978 548 28 14 160 763 804 899 946 99 
631: 71 257 668 987 688 123 245 262 500 591 266 38 378 602 810 785 498 518 376 118 
632: 471 948 796 239 790 174 144 879 839 100 794 919 256 334 866 48 396 565 605 236 246 213 
633: 679 952 399 368 615 332 696 910 128 763 568 789 917 736 647 772 545 351 227 
634: 642 999 16 174 293 414 561 893 74 455 609 539 205 22 979 914 699 420 89 712 
635: 763 638 769 39 867 583 990 304 748 5 998 191 35 489 
636: 280 783 767 482 568 78 452 844 521 90 283 428 299 73 363 855 254 
637: 471 70 618 213 435 925 754 487 914 939 300 976 194 500 573 627 162 216 813 621 319 137 993 177 
638: 578 635 490 337 619 918 911 660 917 277 292 989 263 384 149 591 904 839 350 344 367 547 749 204 198 314 853 
639: 171 967 748 420 251 272 405 168 990 249 574 511 691 688 997 559 965 857 678 833 841 
640: 510 227 179 702 511 873 484 744 965 992 548 515 991 153 763 851 767 291 645 578 425 453 
641: 991 330 630 172 84 292 263 375 284 382 318 333 742 666 619 114 239 100 46 
642: 634 948 707 526 578 363 886 421 3 380 432 950 954 485 478 358 317 108 680 565 296 456 956 256 
643: 957 74 793 701 73 390 900 745 979 99 374 898 402 426 469 448 
644: 184 180 669 955 670 268 675 10 342 899 340 528 928 315 505 650 20 306 321 886 846 259 938 
645: 299 136 912 826 363 291 159 841 733 176 404 927 24 989 250 575 787 640 902 734 362 304 888 
646: 451 447 750 484 40 713 204 978 327 139 939 955 739 961 52 250 221 803 937 229 124 113 
647: 292 501 158 612 244 293 967 119 289 249 547 551 245 17 633 982 413 206 312 166 
648: 95 295 253 177 473 881 433 480 153 137 489 179 355 497 754 872 831 474 359 479 684 757 144 32 
649: 740 147 539 435 470 212 596 144 71 883 561 910 899 613 376 990 902 524 
650: 405 927 558 309 668 544 100 25 306 852 560 350 499 490 610 265 388 644 177 947 620 886 594 106 334 791 995 
651: 681 357 245 940 865 628 270 322 312 237 562 191 268 301 395 561 581 428 1 
652: 100 660 612 188 924 121 378 980 915 882 954 390 461 958 909 598 729 606 56 69 18 35 280 44 498 
653: 990 69 896 299 92 324 923 556 289 151 91 8 428 683 338 402 925 475 487 246 855 482 168 140 31 36 563 551 
654: 36 629 165 984 248 483 330 235 297 469 43 569 209 689 57 480 958 
655: 103 997 685 29 472 745 36 561 903 294 193 302 469 899 
656: 150 453 497 391 247 530 772 692 118 383 431 953 555 317 163 993 
657: 458 560 963 534 356 932 461 619 222 819 122 732 262 836 706 425 
658: 369 25 816 223 52 335 730 15 337 320 471 380 358 
659: 289 519 970 501 255 781 173 63 858 300 788 782 419 304 
660: 489 652 167 177 452 343 285 260 726 106 638 716 257 336 164 180 157 345 11 420 733 
661: 668 341 115 966 54 580 809 600 559 301 949 317 895 403 742 554 622 563 967 501 674 726 
662: 392 405 262 809 371 567 604 713 759 970 556 289 932 988 92 250 464 865 
663: 988 785 346 697 407 945 911 615 142 283 348 801 444 60 107 575 257 533 995 
664: 204 46 849 828 356 730 948 838 818 116 214 883 671 557 576 316 809 166 726 124 370 968 346 
665: 58 386 158 405 399 967 118 282 624 673 353 977 871 961 
666: 621 940 785 197 130 321 827 861 115 919 804 521 987 549 261 641 832 764 399 362 604 
667: 4 916 602 69 150 225 222 750 147 882 945 55 236 474 373 926 807 26 480 942 892 60 821 628 108 193 263 461 188 185 
668: 661 150 840 631 547 650 89 990 125 967 531 398 399 550 200 163 365 605 454 158 745 
669: 776 644 545 898 264 60 677 71 402 729 270 294 116 614 553 251 824 757 722 303 601 
670: 232 258 644 356 269 262 732 587 382 543 815 296 531 409 131 401 23 558 556 692 593 386 911 153 819 515 585 840 595 701 
671: 719 897 681 261 812 492 460 244 962 77 370 664 766 187 584 387 159 443 16 329 441 
672: 888 374 678 744 773 600 940 376 35 950 589 369 51 761 31 944 528 106 916 
673: 116 887 822 246 9 922 502 440 665 612 827 736 675 188 371 74 707 966 
674: 833 579 768 447 11 350 209 565 605 324 907 246 587 707 549 499 444 289 661 992 963 
675: 695 713 644 322 231 860 133 989 628 620 127 42 238 817 706 282 594 332 499 673 679 467 753 849 
676: 167 401 280 876 787 444 612 72 875 748 492 847 102 763 520 845 64 936 233 190 569 716 11 532 
677: 105 327 965 630 424 669 1 192 750 348 574 19 45 822 583 141 387 100 513 90 
678: 748 860 672 961 156 784 605 608 552 407 476 774 510 730 289 541 422 639 172 948 135 
679: 681 633 159 827 66 280 285 833 719 992 928 428 17 924 345 406 570 426 675 997 
680: 759 356 162 971 740 303 180 562 827 484 200 364 911 603 254 898 642 831 127 932 590 284 
681: 261 679 177 421 651 254 752 852 671 233 786 235 967 31 450 754 594 352 349 
682: 376 300 266 856 606 158 518 741 927 104 512 
683: 446 934 334 476 769 852 630 418 118 748 969 653 880 72 21 553 964 864 224 530 249 
684: 128 757 742 881 414 983 264 246 619 297 810 758 130 468 346 717 729 602 825 86 204 648 
685: 505 477 62 880 968 655 79 581 45 399 362 170 447 53 463 173 78 431 430 445 200 386 
686: 561 908 177 230 455 507 152 688 984 574 258 692 736 619 763 622 348 327 417 739 709 447 290 
687: 745 108 714 50 266 950 893 78 821 815 317 463 160 189 746 391 475 
688: 487 911 308 356 631 828 686 892 473 875 757 874 639 901 741 
689: 326 808 597 805 562 692 239 191 294 729 271 517 785 470 654 918 140 299 445 
690: 803 889 984 443 286 500 748 186 980 592 299 607 357 841 930 
691: 210 911 402 20 138 615 129 175 368 385 346 416 832 639 785 461 168 462 169 808 
692: 135 881 404 124 171 255 686 656 670 689 827 452 919 297 347 302 755 
693: 392 426 620 627 249 50 905 854 605 388 499 414 991 236 616 700 714 38 827 988 432 226 903 553 479 
694: 726 729 574 175 540 903 424 425 804 524 172 21 954 620 401 364 143 515 259 
695: 675 122 987 888 491 889 842 401 211 
696: 803 848 32 589 443 585 724 553 633 113 789 233 707 211 599 175 729 577 607 96 873 862 397 
697: 748 891 298 231 663 185 864 133 791 978 829 40 545 887 175 177 973 220 11 886 112 841 477 239 478 386 551 454 
698: 358 964 771 61 623 835 208 810 393 
699: 247 718 76 580 306 340 522 367 626 34 412 407 908 283 930 181 634 182 
700: 829 361 515 303 769 567 877 537 576 895 831 21 803 693 444 706 76 315 
701: 715 592 320 643 229 566 330 93 716 770 851 823 542 922 975 608 584 132 284 670 
702: 640 153 9 96 7 480 850 608 55 629 546 82 317 466 813 530 418 
703: 280 106 607 996 579 295 484 308 420 458 922 867 409 814 930 891 524 382 899 
704: 7 295 509 564 371 722 382 135 189 738 613 904 541 745 22 490 979 213 
705: 479 280 992 528 47 465 991 501 238 544 886 444 184 614 415 589 495 12 
706: 272 834 373 564 929 708 743 856 323 252 746 534 675 31 700 82 997 951 919 657 915 377 383 346 
707: 642 964 176 408 816 293 525 72 595 696 807 327 99 29 441 420 31 674 476 892 673 991 
708: 785 18 481 390 706 142 147 990 289 425 491 105 435 23 410 
709: 277 291 457 855 829 489 884 460 773 399 949 816 28 475 517 950 486 686 170 533 786 557 
710: 212 123 163 182 128 753 295 243 91 759 206 804 126 716 299 532 96 
711: 421 305 515 856 855 898 519 70 944 203 43 969 151 406 886 747 947 929 302 931 149 184 
712: 412 714 181 217 106 56 598 737 926 198 575 554 800 304 400 417 767 911 628 634 
713: 494 167 342 32 23 866 428 675 459 646 662 597 84 460 759 967 602 328 215 731 171 898 30 783 406 
714: 995 408 526 546 881 919 687 712 90 987 52 898 331 896 693 543 537 69 544 721 843 287 66 301 278 616 
715: 339 701 259 827 365 141 341 56 763 116 188 963 12 794 582 499 
716: 763 266 750 270 453 206 800 175 282 69 859 660 328 42 70 604 701 103 852 13 834 112 945 35 188 394 710 753 818 169 153 610 504 676 
717: 300 892 779 975 192 145 91 263 956 919 205 780 543 404 102 81 363 684 450 845 163 
718: 346 235 494 600 77 699 240 496 834 914 49 335 975 200 361 815 456 613 424 735 66 489 332 
719: 309 2 671 898 67 135 411 250 27 679 330 560 57 565 276 211 968 76 174 889 69 942 
720: 998 446 211 925 277 819 931 114 747 155 880 261 415 499 421 315 304 778 408 830 259 438 284 147 
721: 463 390 902 348 908 229 538 187 123 39 506 252 350 230 7 468 714 151 847 115 
722: 29 85 460 158 408 422 579 522 46 704 939 746 997 417 334 96 733 526 991 669 18 
723: 47 578 476 95 171 118 386 393 304 27 59 12 258 471 510 552 6 734 868 
724: 119 107 465 512 696 293 725 419 11 521 427 129 626 535 204 69 343 443 813 921 285 470 562 352 884 235 
725: 731 117 257 583 741 835 186 521 724 995 845 571 219 977 877 310 132 546 404 118 428 99 726 528 
726: 694 830 394 441 352 660 852 817 533 899 978 315 954 333 906 588 382 913 445 664 835 369 866 115 725 661 804 
727: 340 145 465 26 258 780 230 357 128 390 59 602 826 
728: 616 479 35 941 511 62 301 739 969 926 985 111 210 234 736 813 410 
729: 694 294 178 935 23 485 33 283 415 669 55 337 355 184 821 689 1 696 652 398 519 177 684 762 545 354 771 626 318 750 
730: 213 278 843 664 317 349 575 817 658 743 359 678 825 741 541 214 486 19 
731: 725 453 762 337 75 91 598 206 73 623 868 341 340 862 947 919 619 165 205 713 521 836 388 55 735 
732: 916 420 557 670 894 849 537 156 871 414 762 552 31 775 657 623 563 350 317 628 260 
733: 34 416 228 958 871 324 327 822 181 645 556 179 23 498 284 895 437 722 385 448 957 454 810 660 
734: 309 908 958 879 774 393 600 829 229 199 412 645 434 723 465 320 836 611 
735: 893 253 234 544 583 876 337 99 907 574 250 322 961 573 247 718 188 731 519 
736: 46 838 6 51 11 686 243 414 312 153 381 401 673 743 324 633 219 767 265 597 371 728 
737: 527 568 129 839 489 508 218 712 435 253 458 959 358 941 346 442 514 157 571 359 424 531 428 767 
738: 751 891 411 860 219 704 252 958 563 286 375 971 998 302 366 902 336 
739: 458 297 415 262 286 28 854 263 484 646 503 728 267 599 881 918 999 326 686 904 376 956 1 574 
740: 649 908 45 522 680 404 397 243 750 841 186 865 485 370 583 870 170 202 112 203 183 
741: 889 43 725 16 506 273 789 445 418 820 787 539 363 608 730 682 688 815 494 497 493 
742: 914 798 405 684 180 132 781 241 461 342 504 189 896 114 92 176 278 497 661 785 72 641 768 100 363 49 576 
743: 775 174 531 706 850 333 118 730 483 24 736 931 285 244 26 921 
744: 376 526 105 465 794 672 573 468 234 448 586 640 519 277 45 190 460 924 148 798 232 201 862 300 299 599 557 973 
745: 752 687 261 164 760 643 655 839 926 9 836 704 169 100 506 358 373 208 609 622 3 668 
746: 510 460 999 909 991 29 384 281 438 706 722 820 54 492 327 423 28 228 911 687 748 
747: 303 985 316 214 720 567 556 915 356 566 450 593 329 711 253 252 92 569 829 988 607 908 168 216 
748: 678 292 697 488 639 938 279 97 683 86 690 676 515 137 907 635 103 104 7 746 505 
749: 126 576 462 913 942 74 153 193 520 820 601 638 105 881 3 
750: 716 35 765 831 646 667 804 58 740 116 677 441 997 301 31 183 51 729 133 8 90 185 161 
751: 874 738 567 588 391 244 900 197 97 245 77 953 231 831 238 979 254 
752: 745 61 803 805 681 845 870 326 144 544 433 851 396 786 912 154 138 
753: 887 245 710 72 849 456 611 163 977 243 18 435 716 366 675 269 932 916 
754: 329 283 303 315 396 34 573 121 637 925 185 56 181 122 168 681 123 648 461 293 353 189 817 898 376 904 
755: 469 115 987 44 396 613 369 5 923 143 907 113 293 174 692 126 254 600 272 205 567 
756: 3 972 42 528 61 280 924 208 5 19 989 595 610 141 40 500 173 466 99 446 949 375 896 
757: 481 684 918 294 182 794 787 311 414 952 987 219 391 688 156 194 991 988 669 166 648 258 
758: 300 848 137 129 836 829 889 965 684 863 
759: 327 612 680 626 587 42 662 289 179 470 713 773 125 147 710 26 952 74 619 97 764 426 
760: 495 102 122 625 109 793 83 910 396 112 745 152 486 532 92 539 960 247 871 537 447 232 
761: 536 991 929 331 18 350 827 620 814 852 553 589 672 150 598 134 385 316 855 131 49 
762: 731 929 947 836 430 287 544 732 177 729 401 463 789 
763: 716 635 57 385 448 715 633 311 166 686 951 640 630 676 256 889 617 
764: 508 113 513 495 104 194 618 143 482 941 964 274 623 148 788 337 23 481 978 583 384 666 49 759 
765: 514 796 750 838 857 620 552 867 967 47 322 325 853 11 612 547 502 578 970 35 
766: 457 797 155 412 88 408 399 120 803 862 387 960 588 606 259 975 529 422 671 825 943 616 896 894 165 955 90 453 257 
767: 788 985 987 636 7 815 548 359 564 895 132 805 640 736 983 126 712 787 399 737 360 
768: 268 410 586 674 379 302 979 886 811 771 361 248 59 176 271 363 892 152 26 935 742 69 856 145 
769: 502 635 459 683 836 803 351 815 171 953 533 873 700 414 913 897 96 264 470 385 438 
770: 480 363 879 577 221 999 949 922 445 350 701 971 947 603 538 796 331 245 956 64 
771: 191 698 782 268 768 392 91 809 79 969 185 921 813 729 445 
772: 252 254 324 351 597 387 787 608 656 233 871 27 832 379 268 73 961 391 942 633 123 965 558 837 
773: 136 465 672 916 148 954 575 973 277 406 759 102 992 709 919 609 909 587 437 994 
774: 416 338 120 455 912 505 173 555 565 734 497 964 432 406 551 678 307 238 960 359 288 127 854 333 18 956 
775: 743 586 281 790 601 991 241 178 13 893 732 838 457 121 446 555 557 
776: 669 135 522 33 397 457 444 969 805 939 823 132 179 
777: 881 614 917 915 371 211 103 823 572 452 938 486 870 535 200 118 288 
778: 949 20 921 320 546 298 821 854 781 809 216 720 383 840 
779: 838 434 717 0 224 265 554 95 304 137 205 897 506 802 110 476 944 131 859 790 887 
780: 727 377 937 260 465 444 896 394 578 917 717 180 979 1 220 67 967 250 523 68 96 798 793 296 452 961 567 864 501 
781: 424 742 498 303 533 610 871 125 659 549 554 778 809 26 545 58 91 
782: 323 134 585 771 276 137 562 4 570 90 437 659 
783: 438 76 636 587 874 192 496 155 148 35 785 265 803 952 937 588 488 609 933 179 713 
784: 509 224 307 917 678 210 334 978 471 570 959 359 317 
785: 708 663 128 666 881 353 374 864 783 371 910 879 7 600 199 691 294 689 742 18 631 469 
786: 43 945 234 165 988 681 296 885 447 32 402 882 522 569 840 816 275 407 449 752 984 558 618 48 400 14 916 366 867 709 
787: 821 547 228 772 676 876 757 576 442 440 524 741 458 645 39 388 767 370 334 
788: 3 140 767 257 103 792 390 346 873 764 826 891 418 659 35 790 
789: 838 872 109 344 696 881 741 449 829 606 850 633 356 443 762 541 841 
790: 775 453 587 525 310 212 476 632 412 217 138 47 208 216 424 484 330 341 779 788 
791: 978 478 422 815 607 697 150 362 137 915 310 650 851 992 589 
792: 585 332 788 885 828 310 171 908 439 440 612 455 
793: 620 928 959 973 643 829 760 593 63 247 554 60 780 494 351 11 
794: 494 991 744 894 515 344 902 430 757 982 945 589 632 292 497 715 462 302 602 803 898 896 
795: 302 889 859 953 212 908 156 806 413 827 
796: 63 765 311 632 547 391 533 426 590 94 189 542 130 124 865 770 51 351 44 
797: 766 511 311 297 538 543 856 930 129 991 982 844 328 336 997 
798: 823 603 742 931 297 4 167 56 320 857 744 780 
799: 446 104 602 338 406 611 479 9 940 573 228 26 916 223 472 255 476 404 552 865 922 
800: 438 466 39 716 184 235 374 103 417 712 133 523 993 386 554 334 81 405 928 
801: 261 229 155 191 180 955 371 842 539 569 802 400 48 663 954 50 405 805 829 268 101 264 
802: 228 281 372 192 841 936 423 127 37 801 43 171 541 598 589 779 413 
803: 690 696 752 571 262 769 353 859 766 331 266 28 361 783 646 700 336 588 213 502 794 528 504 
804: 984 131 176 167 180 480 750 856 47 23 887 81 447 603 464 694 337 593 666 477 710 630 807 981 726 
805: 938 752 459 423 37 65 579 175 689 444 544 767 801 165 776 342 200 997 27 43 620 900 350 222 
806: 209 977 174 163 166 995 131 884 988 108 795 952 503 148 133 
807: 307 293 341 471 898 989 942 918 58 707 667 276 277 153 150 804 205 465 923 
808: 566 258 235 108 940 689 500 589 357 51 980 243 442 518 691 
809: 975 184 948 662 356 78 592 661 995 295 771 473 831 227 781 778 664 66 161 271 590 
810: 994 330 921 896 220 928 92 35 277 684 255 505 567 244 522 698 631 187 378 733 853 629 564 
811: 546 510 334 768 588 557 816 441 243 249 460 
812: 829 48 76 907 603 921 201 671 160 406 866 108 900 81 978 977 222 848 
813: 593 355 307 359 571 622 213 520 313 125 131 10 474 724 916 504 570 958 637 771 977 417 702 728 
814: 886 213 538 761 144 938 499 703 455 412 598 
815: 247 559 89 769 195 670 349 791 967 159 121 42 767 687 926 58 548 718 741 396 215 23 533 584 38 
816: 658 183 707 366 114 978 276 811 913 497 786 709 106 628 75 463 818 193 821 853 591 
817: 388 404 518 726 435 730 154 162 675 920 377 490 119 387 754 457 422 842 
818: 152 206 251 414 99 36 570 994 192 330 937 177 319 664 546 404 268 296 930 70 716 230 263 816 
819: 576 227 71 200 32 720 244 377 466 204 35 907 657 241 412 248 91 153 670 376 
820: 208 938 627 749 746 393 741 912 832 548 304 238 538 350 
821: 937 827 568 520 880 262 439 787 178 547 135 423 888 379 444 834 778 150 687 884 729 487 409 104 667 816 
822: 365 992 673 223 267 974 733 519 960 17 677 126 935 137 168 205 
823: 798 572 380 205 63 777 57 933 888 601 3 940 392 232 861 565 188 701 411 950 776 310 
824: 598 602 994 438 595 911 585 270 77 883 669 149 533 412 880 493 121 224 158 
825: 287 977 411 265 616 547 982 508 90 238 268 992 552 310 942 869 730 588 951 766 684 348 832 844 
826: 139 239 220 645 237 398 590 496 548 961 291 547 176 624 617 199 788 727 
827: 273 909 821 844 297 935 679 761 992 715 680 522 103 666 245 593 44 692 976 673 107 926 236 693 134 795 
828: 155 831 287 664 224 101 88 993 200 688 792 875 918 476 262 960 454 601 
829: 812 700 109 930 709 997 306 569 4 793 403 945 697 8 758 220 789 573 734 981 851 747 801 457 468 207 555 550 
830: 10 835 846 726 883 324 884 39 922 93 162 720 582 359 
831: 828 933 750 909 931 969 809 993 700 220 623 648 680 751 322 421 39 510 256 
832: 608 885 556 154 950 304 166 772 691 998 938 467 315 820 491 666 825 458 92 
833: 674 292 71 466 526 451 567 167 679 576 327 836 502 569 225 29 341 639 54 578 588 619 
834: 706 575 252 324 409 451 431 249 349 718 10 482 433 257 821 126 716 7 883 358 400 
835: 830 232 962 606 725 465 571 422 698 126 112 936 976 39 274 142 429 528 563 726 243 933 
836: 433 517 263 124 762 769 952 199 622 612 583 574 758 295 982 587 569 833 442 745 523 92 657 495 854 734 731 145 170 259 861 
837: 169 246 528 221 941 214 201 166 772 
838: 779 789 46 765 871 72 736 592 664 356 941 477 775 921 100 431 
839: 884 509 924 737 242 450 610 7 951 120 39 313 527 632 745 397 638 186 380 
840: 287 101 143 545 668 306 399 401 24 365 786 958 64 419 778 430 561 413 670 933 
841: 897 364 345 802 174 171 527 894 52 645 263 510 242 740 112 607 414 860 435 973 219 697 690 789 639 861 
842: 915 544 370 534 25 990 136 801 866 425 888 505 357 13 409 602 695 817 
843: 468 983 730 41 52 21 217 862 855 261 7 220 85 714 54 44 
844: 118 564 827 48 920 141 275 502 422 76 241 31 162 636 307 914 939 47 797 905 586 884 825 
845: 627 537 752 620 481 280 934 725 532 502 357 143 676 717 351 70 
846: 830 14 610 363 29 429 208 595 318 186 864 62 421 850 26 511 524 644 257 83 
847: 42 445 4 196 81 109 612 58 676 549 578 975 332 488 524 246 255 557 721 602 186 121 
848: 377 696 758 211 375 856 201 983 364 906 892 304 956 581 812 43 
849: 82 664 868 400 732 880 471 874 497 753 212 225 285 412 299 352 50 876 272 675 252 
850: 124 455 514 56 204 202 996 322 743 989 466 702 921 789 526 131 937 846 388 136 
851: 552 556 625 867 475 752 567 701 640 371 829 791 244 507 155 31 519 
852: 604 683 956 681 183 965 302 761 7 726 123 229 490 650 909 504 716 393 143 987 545 568 
853: 138 147 83 555 17 230 943 341 494 429 421 869 49 116 523 602 979 765 403 586 567 12 161 213 816 810 638 
854: 370 533 304 545 739 693 267 380 392 51 778 399 595 774 542 916 864 836 324 
855: 534 153 611 709 627 257 8 298 711 843 506 870 111 525 406 884 653 27 45 980 636 761 197 218 441 
856: 501 182 313 316 711 706 94 682 298 804 797 848 385 422 884 768 408 
857: 961 202 533 765 389 999 45 860 798 530 469 558 556 882 83 607 321 639 333 982 357 
858: 79 909 443 223 588 393 75 559 659 
859: 144 894 483 795 716 803 164 82 556 322 311 331 162 295 70 232 779 501 880 53 
860: 176 678 875 475 447 601 738 675 297 587 857 254 1 561 984 9 542 412 594 258 39 841 378 315 249 2 462 
861: 499 996 630 2 914 606 107 160 58 881 883 536 666 823 207 284 986 880 79 943 841 836 
862: 939 500 259 182 843 496 202 766 394 410 344 888 731 923 39 295 938 270 744 914 696 464 127 31 
863: 426 218 357 918 301 456 903 150 39 948 427 8 44 99 758 336 132 977 35 
864: 927 170 902 449 488 697 785 91 582 242 186 846 543 380 480 917 683 431 854 573 110 780 
865: 56 651 156 135 740 124 468 796 97 399 799 662 348 
866: 489 615 130 139 713 842 968 84 812 930 908 924 265 322 411 269 219 574 632 886 420 927 373 273 121 605 524 458 726 423 
867: 545 222 96 460 635 280 986 179 291 765 851 66 703 238 617 889 980 786 82 
868: 849 247 933 533 731 420 931 250 616 425 412 143 723 362 27 
869: 466 24 20 268 879 853 456 825 607 239 395 870 585 
870: 364 447 620 619 752 516 374 182 855 117 777 740 869 929 209 915 
871: 177 188 613 233 838 931 733 360 25 781 330 732 217 46 772 345 331 2 545 665 574 760 106 143 393 383 532 
872: 789 390 423 618 78 401 948 609 61 648 611 16 69 
873: 32 640 570 769 137 975 943 969 439 216 788 418 129 66 917 696 884 
874: 43 751 290 783 121 627 5 849 263 563 414 287 164 988 688 170 505 457 
875: 860 454 529 621 553 615 263 920 828 414 676 281 688 556 506 208 571 297 563 264 614 270 902 
876: 156 958 676 380 930 462 735 67 787 137 188 104 117 174 202 482 85 849 609 250 74 
877: 21 233 501 331 383 316 96 266 700 201 725 992 39 944 449 190 988 914 218 370 106 
878: 962 910 97 18 961 989 954 905 105 
879: 262 912 956 523 770 518 379 734 632 182 785 869 210 364 382 68 402 26 573 
880: 928 51 685 821 575 932 849 929 545 720 350 683 361 73 621 400 824 459 861 554 519 41 859 
881: 943 777 692 322 684 714 583 648 785 134 861 456 193 573 97 789 325 739 323 41 411 749 319 334 
882: 0 37 667 652 786 857 182 342 239 620 310 
883: 221 223 426 300 363 494 260 830 499 934 159 922 381 649 861 546 559 590 950 664 824 18 72 161 249 834 391 505 
884: 941 839 201 923 71 451 621 578 709 94 830 806 456 447 821 973 173 855 483 138 873 363 856 395 844 724 12 
885: 234 900 832 285 786 792 486 556 567 499 19 198 337 438 271 66 627 
886: 814 642 159 768 9 440 406 967 150 8 705 711 992 473 539 650 866 333 644 697 73 
887: 673 955 753 557 49 995 804 590 950 697 118 539 254 611 565 208 106 424 779 517 
888: 672 291 842 174 821 48 563 823 125 939 862 556 695 339 587 220 965 133 419 268 607 418 645 
889: 741 76 690 795 618 758 589 444 990 208 926 867 695 763 223 719 489 576 
890: 991 342 449 250 577 432 336 458 317 112 942 
891: 697 738 361 71 62 979 579 76 400 212 934 421 788 554 703 362 
892: 717 478 393 925 234 415 182 296 688 988 848 60 768 550 667 250 327 707 189 904 591 196 192 
893: 735 327 336 331 497 634 687 935 775 941 542 447 25 531 171 
894: 274 308 859 622 732 794 45 841 904 514 145 509 903 550 353 431 12 553 766 
895: 130 319 194 613 296 602 237 700 548 733 767 495 266 661 34 505 499 365 517 
896: 653 810 780 554 312 742 615 947 714 626 628 973 983 766 417 102 206 522 794 756 
897: 841 671 329 190 67 978 289 8 441 623 625 769 426 342 779 952 36 395 904 
898: 719 109 669 386 152 807 711 282 346 234 714 212 244 566 14 222 643 102 680 350 713 552 40 199 754 794 
899: 548 991 644 16 356 726 69 350 394 396 223 649 630 655 214 581 483 703 
900: 134 85 197 885 432 935 460 904 462 643 0 751 456 812 592 805 
901: 932 980 70 270 928 603 221 240 688 440 989 276 939 
902: 615 523 619 944 946 562 258 721 131 940 794 864 415 74 332 248 595 89 548 279 645 649 479 587 738 875 
903: 318 499 298 87 863 169 105 694 321 263 894 309 655 693 48 46 343 
904: 354 40 900 894 935 24 516 76 704 608 638 521 433 739 594 892 897 387 754 
905: 983 363 585 36 349 494 693 192 247 925 138 594 403 320 109 878 595 844 284 60 302 911 961 
906: 353 469 92 302 848 201 468 159 530 394 726 519 942 408 975 
907: 812 15 292 109 399 227 446 287 236 735 819 674 748 145 224 755 255 340 929 323 166 940 542 
908: 740 734 208 284 492 13 686 721 221 270 866 506 792 795 211 225 75 459 628 203 699 747 915 
909: 827 746 620 231 171 858 22 109 831 852 652 264 970 200 773 477 305 
910: 462 878 578 292 556 505 383 514 633 760 252 785 997 456 76 649 460 214 223 529 
911: 688 691 663 824 638 425 388 7 680 511 505 60 547 670 746 243 189 712 905 
912: 879 942 539 774 645 158 996 957 383 24 88 337 499 983 433 475 987 57 820 264 16 752 150 627 
913: 415 246 592 973 170 749 769 629 816 14 409 87 193 362 312 577 248 536 726 376 
914: 742 407 336 178 981 324 861 343 637 500 718 446 844 862 449 877 148 125 634 
915: 842 517 462 324 777 342 359 522 316 652 951 747 545 241 922 791 986 706 131 519 382 870 908 250 
916: 732 667 300 61 207 281 773 995 327 453 513 271 944 42 799 591 813 46 134 13 854 672 299 786 753 
917: 968 381 260 777 10 389 784 993 780 638 929 317 229 351 633 948 382 445 864 978 873 955 498 934 
918: 496 406 522 268 977 757 863 297 607 23 638 807 828 340 37 420 739 689 286 948 71 
919: 714 356 11 717 355 482 68 55 986 569 731 666 632 87 434 692 773 392 706 
920: 566 254 237 844 596 875 306 577 817 477 996 381 427 627 36 504 
921: 428 41 810 778 590 305 812 284 950 850 585 985 724 447 222 577 838 771 945 743 
922: 533 604 500 883 244 673 251 703 830 481 770 569 120 565 915 505 964 296 701 511 799 203 195 
923: 141 444 884 513 350 653 136 627 39 985 334 589 862 469 385 755 424 28 480 346 807 133 
924: 206 245 839 92 510 652 421 522 756 331 174 204 280 943 103 17 951 866 744 679 341 
925: 219 55 486 216 720 892 259 637 754 405 97 285 905 482 653 460 279 184 63 607 326 
926: 462 545 583 482 402 380 237 375 712 611 667 6 273 100 745 121 728 815 889 827 197 419 547 260 
927: 983 468 650 33 864 503 115 645 583 149 986 866 279 682 979 
928: 294 192 435 880 566 569 793 991 269 209 901 810 434 644 679 146 984 124 247 800 273 465 186 
929: 355 762 761 213 73 216 24 294 706 880 917 86 226 520 187 466 952 240 711 907 546 986 870 991 
930: 608 829 111 374 75 125 876 797 582 219 610 223 866 132 391 703 604 818 231 699 690 
931: 4 798 569 871 426 720 962 102 283 831 14 626 868 743 711 178 998 
932: 347 6 901 961 880 606 968 308 387 657 23 499 662 407 86 361 680 753 98 
933: 831 823 588 868 944 437 516 609 783 215 835 840 
934: 80 187 683 954 883 627 845 100 328 509 430 891 917 
935: 613 729 290 827 20 210 900 554 211 904 44 581 315 893 601 590 617 220 417 298 768 822 1 
936: 90 421 131 802 234 246 330 318 109 542 173 241 188 962 251 835 250 587 676 289 
937: 821 302 780 33 252 149 818 462 144 27 151 448 938 850 783 646 249 471 106 
938: 805 110 520 748 255 820 277 18 814 99 777 413 161 267 937 168 832 862 439 559 207 300 532 428 644 
939: 120 862 555 722 465 646 637 226 888 993 97 231 844 169 776 195 901 
940: 264 442 666 651 672 902 799 808 344 430 823 271 298 557 245 188 517 126 907 
941: 884 508 298 243 728 604 356 764 196 737 838 983 958 320 18 893 287 837 317 281 
942: 62 912 247 564 320 807 749 825 667 87 360 890 147 772 906 362 205 719 
943: 593 881 853 433 924 873 496 514 548 960 396 861 766 82 
944: 621 585 902 155 321 590 206 132 711 933 916 143 618 529 540 586 442 172 877 672 87 779 
945: 474 786 508 663 276 667 829 104 794 208 347 537 435 716 451 337 544 480 921 
946: 119 963 902 389 514 947 137 310 960 270 456 235 9 332 597 373 481 630 539 165 628 
947: 762 256 61 481 347 946 973 896 731 310 94 476 614 37 221 342 770 711 650 246 164 531 228 318 
948: 79 632 642 179 809 414 62 417 106 116 664 863 963 917 872 488 918 545 678 59 575 324 
949: 778 607 187 972 601 974 218 503 245 770 661 471 709 442 54 32 756 622 533 472 84 
950: 581 215 258 71 445 89 367 429 672 217 687 642 832 887 883 921 591 709 529 823 125 298 387 38 178 
951: 45 427 839 264 915 31 438 135 611 924 763 99 300 957 825 706 352 
952: 633 220 526 836 521 993 138 293 757 783 142 418 155 282 897 929 352 759 806 12 994 416 
953: 401 304 972 969 1 795 541 769 970 355 992 297 183 267 571 656 551 751 339 
954: 475 934 217 979 617 652 773 46 642 694 726 575 878 801 264 98 236 472 298 147 
955: 644 887 801 492 145 1 497 502 646 216 16 105 491 766 505 917 168 
956: 879 852 507 526 717 556 118 136 42 130 848 71 222 23 207 770 18 739 774 642 45 398 350 
957: 482 643 142 542 240 912 176 249 206 225 285 584 951 594 159 733 246 353 
958: 134 584 183 580 876 247 734 733 28 225 170 652 941 738 813 840 90 399 570 654 
959: 252 569 300 793 268 737 427 254 141 604 784 430 1 575 
960: 118 482 339 946 618 828 628 766 774 822 313 587 42 760 943 5 412 
961: 857 215 678 932 568 613 163 85 878 964 646 826 132 208 315 735 128 772 141 114 665 506 780 55 355 905 
962: 878 491 835 258 337 521 480 931 350 514 146 671 936 250 532 348 35 
963: 946 657 122 142 71 31 587 579 433 258 715 948 80 573 247 5 975 193 460 248 162 674 565 
964: 698 707 124 52 297 961 764 774 88 137 922 271 683 223 292 368 159 
965: 171 677 233 535 852 640 758 504 888 514 232 639 342 448 555 772 
966: 65 661 565 399 983 485 526 136 362 177 673 
967: 639 526 523 153 647 49 565 93 815 665 681 161 411 155 289 886 713 668 765 780 576 661 354 
968: 917 58 258 932 685 866 102 279 301 404 466 435 719 21 421 482 495 664 221 
969: 526 168 283 52 223 953 280 683 26 873 429 831 711 728 604 307 771 459 776 255 22 326 138 
970: 520 659 120 349 413 953 662 336 569 981 909 516 371 765 78 15 
971: 185 470 680 252 491 286 447 340 54 289 87 146 201 770 564 324 453 738 403 
972: 603 756 387 65 953 949 344 8 570 413 128 182 599 493 342 301 349 478 418 157 
973: 521 617 913 793 162 947 547 452 362 773 567 393 884 94 292 697 391 576 283 117 896 239 841 407 317 399 183 744 
974: 375 202 949 822 123 73 240 994 498 113 143 257 413 365 289 33 
975: 809 615 717 85 401 172 873 584 163 766 847 390 718 468 151 963 393 701 906 469 
976: 571 408 215 430 637 519 827 90 835 301 522 987 
977: 422 825 469 519 806 320 918 281 47 139 595 222 76 725 176 570 382 753 665 629 86 812 375 813 863 
978: 333 398 25 791 592 897 464 630 378 646 275 492 169 459 697 726 816 556 784 176 358 440 84 764 917 812 469 286 
979: 531 525 768 891 206 595 954 780 543 507 643 118 488 853 9 704 326 927 634 329 751 334 
980: 173 383 901 151 652 245 985 993 416 103 69 690 867 451 808 386 83 855 561 405 
981: 263 914 35 524 379 280 406 970 829 446 459 562 241 259 131 287 126 804 261 569 
982: 593 354 49 825 55 280 794 573 836 797 202 604 647 545 39 857 
983: 927 905 843 610 684 170 363 546 564 966 404 2 848 301 941 912 143 444 576 439 499 105 896 767 471 531 172 285 
984: 804 487 690 90 536 10 654 686 860 177 184 475 349 518 786 568 571 208 604 591 928 178 
985: 182 767 747 246 49 374 980 240 226 923 728 483 921 301 399 368 241 3 306 997 
986: 430 134 867 164 919 306 446 927 248 915 861 629 179 148 929 
987: 767 516 755 714 631 695 116 757 552 912 666 852 515 452 976 
988: 663 142 214 125 598 786 3 592 439 111 806 892 39 168 874 662 877 757 693 626 747 248 
989: 282 119 548 608 93 807 675 756 461 290 638 850 292 117 645 878 96 35 41 901 29 364 
990: 653 842 439 456 221 429 668 708 639 635 364 889 520 649 
991: 890 619 761 153 794 641 746 507 928 775 94 173 899 376 207 354 372 797 228 403 705 693 640 242 402 757 526 203 722 177 929 707 
992: 125 822 101 827 563 293 435 705 825 334 953 2 679 81 93 640 877 500 553 365 540 773 455 413 1 436 886 791 143 674 51 
993: 145 519 367 995 828 628 204 952 917 980 534 444 831 939 261 476 800 434 637 656 285 
994: 810 331 421 824 818 532 418 104 974 269 66 773 952 416 367 
995: 714 500 887 993 806 725 916 809 128 587 219 125 359 650 238 663 
996: 563 703 585 861 912 505 449 850 270 273 554 920 116 18 156 536 
997: 655 176 212 829 470 399 100 910 722 750 168 706 548 639 805 598 679 343 985 797 
998: 720 571 24 578 446 384 493 336 422 503 832 635 151 482 605 599 738 211 931 
999: 105 595 746 634 92 857 770 217 456 247 179 739 54 

